site,A,C,D,E,F,G,H,I,K,L,M,N,P,Q,R,S,T,V,W,Y
1,0.005306429733047354,0.02443840253928616,0.020633237884288044,0.025789205764759522,0.016781557744465145,0.004872049292792093,0.007187091113322719,0.010538791569991759,0.060186188746318356,0.005778447187393751,0.7214275479477641,0.01898647672482566,0.0019952962450255707,0.009185034980471464,0.004058851053211527,0.00456572771563295,0.005828893267290697,0.011779984744666246,0.019129060773087042,0.02153172497235984
2,0.008958309903928466,0.03494801708295446,0.021364666454042242,0.05305101286649032,0.03708554883341214,0.6170206956104264,0.013714412915010162,0.01976190514844172,0.04414490580992719,0.005652551544447394,0.03778929107012493,0.019634094126395708,0.003977889348133841,0.011013828367902113,0.005513883882053268,0.0056412902880293575,0.0075267147756584865,0.01586619223355318,0.014732789227278909,0.022602000511789715
3,0.4844485724155033,0.016036672756410433,0.03063903218305292,0.01884126797752878,0.018553487329582587,0.049873481166033636,0.04710893596108047,0.025394298860795788,0.025311089076413277,0.015252013430200004,0.08142452059998222,0.035047967587064854,0.003079975635654734,0.02623272250979761,0.0029458130639756688,0.02113165829717993,0.04736385099965234,0.009954413517526902,0.015186942310391683,0.02617328432217295
4,0.05370027952867161,0.014200132967792958,0.015461671373820983,0.04206680445411534,0.03204494804871123,0.014351392859487163,0.019879141032418623,0.0247609997325788,0.014692875243122553,0.009014031670031246,0.01712609719135802,0.05712508448968305,0.010719293625565497,0.518283568276432,0.0028560576601897145,0.034306802034752344,0.06142732989232499,0.02937117123013883,0.008375827590272422,0.020236491098532674
5,0.03058068214427155,0.005217908712037076,0.004254523502605415,0.044883236558874745,0.04697950060061411,0.01627555617226657,0.05867190907369777,0.07975003020869441,0.007541830748147307,0.038467640286272295,0.1883528465206595,0.07534902941721089,0.0013660337444526035,0.04085349796570597,0.0019405627438257287,0.03585065591470983,0.02238701149074287,0.265610280665896,0.011729881212237806,0.023937382317077545
6,0.13195575000893486,0.059611884048369174,0.00990819172795726,0.00522737950735722,0.009973837518988195,0.0027699588377694978,0.0063772866451278516,0.009487089560625234,0.017260740046701993,0.006898207483415285,0.028153860253419833,0.013477395382385323,0.003238644456866901,0.007951175559387,0.006675205967221048,0.5374722825689493,0.12511277849675317,0.0046314447093321375,0.004876894010556509,0.008939993209882159
7,0.005990368496060715,0.01515351980773628,0.19750736088956153,0.04052703614370146,0.012823955149131401,0.020840886206154017,0.02384224681242439,0.016263457035080323,0.02058864427004917,0.036055311966772856,0.021538959234405734,0.028947384388811576,0.004698771448563093,0.07964118094106015,0.011201766663455633,0.02652693637752729,0.37604916409954275,0.03480204710462438,0.00867528284706649,0.018325720118270737
8,0.004477898724998671,0.011182310931842257,0.009220138598674876,0.0141468582740625,0.008883794357223938,0.002454843842321037,0.009319399664188155,0.0074354961249043965,0.03357721965943774,0.00648189256024327,0.037463207271246,0.014464900764277549,0.010780659970935058,0.7778309305528486,0.011787114489627775,0.004630602227391849,0.0047293104720801,0.004593732251024525,0.013315842364260136,0.013223846898411558
9,0.06894456422137614,0.013742539119798681,0.023874090623418828,0.053365048491079,0.018238698925532308,0.00367135169216279,0.07232702841565637,0.010452718260135241,0.5416073964943349,0.021662128972120016,0.018179851535277517,0.018179851535277517,0.004135149257240282,0.03151128528200799,0.008552924205079358,0.018433059248618145,0.027322917017619124,0.0173907814377031,0.015406398059018146,0.01300221720654455
10,0.007980393748836018,0.09216766031336976,0.0074120945722656525,0.00920260256655492,0.008938130167462952,0.004325919449950367,0.004490361954975894,0.017660951091156334,0.01975846075904038,0.0033282806508615178,0.015247515454712585,0.01459301577018283,0.13477969267689052,0.008354345550150409,0.0033957726421946738,0.050172537822293965,0.46120144921395445,0.10571395462892819,0.017423851050550145,0.013853009915668499
11,0.010817897976707992,0.012721347116019356,0.007557446042412531,0.025633705465474225,0.012759195078174407,0.7395387468271347,0.010973141003347228,0.01749211125650089,0.013571679159840606,0.004982923486968039,0.04666932382132524,0.022578186272055895,0.0035438093616069577,0.009320775064950007,0.008078425702048505,0.012762017121508446,0.005405621852976697,0.006350323014042554,0.01134757773652693,0.017895746640378758
12,0.40418926720440757,0.011534253528179307,0.044072858599333846,0.10942191866439516,0.020334361276484744,0.008653213711408652,0.0048925425566024375,0.012213517836870143,0.008324128411369853,0.005156488674907016,0.1472882002689351,0.029479477886250827,0.0011380730029199497,0.03920827862127754,0.005089173536538822,0.05188905327734204,0.054843759642448316,0.008457115230296389,0.02479011845262342,0.0090241996174087475
13,0.003952533042926896,0.01725410857517175,0.027266233772536286,0.014156521720994077,0.018050474591049064,0.005683368709362223,0.7142053968973495,0.013708612838719778,0.01914965737306595,0.0057628969550312156,0.044884264723755854,0.02262552338274518,0.0025515681892643812,0.011141434089573809,0.003323745040719076,0.005568453770509745,0.004439977204158473,0.010252959522581866,0.027700243657302455,0.02832202594318244
14,0.037270242527832995,0.042480210354038435,0.014853361831346857,0.6502817638687527,0.022499766074536083,0.008514291595198458,0.017296836325274696,0.01594751648807818,0.027761715806619146,0.004079126078659788,0.03392894058095686,0.0259042538416021,0.0034535543234076706,0.010312516653301414,0.004595617642231893,0.02110015977120663,0.010138510105418438,0.012455773731398544,0.016669447065100956,0.020456395335038242
15,0.21866799218854638,0.1076866933351757,0.004887229375974175,0.0024503797952188885,0.008082336765077941,0.0044776524778470704,0.11665097578238176,0.006528516841214562,0.0054511766970322464,0.001981379488368293,0.011736380935278729,0.058065935120667954,0.007941733389685375,0.01186629806908108,0.001043398685730012,0.07625449924193214,0.3294632650230789,0.0013021501220450385,0.011008062500483695,0.014453944165179975
16,0.031089391097664648,0.017085806526123345,0.6788011161569764,0.010524780292697837,0.01219803765855162,0.011675654118921344,0.003946279545393907,0.0015212738401983773,0.006294153643072689,0.03359493416359981,0.014213163716908572,0.014337267211860332,0.022185326371434687,0.01663925210262044,0.03560099739014881,0.024968671356371153,0.044294688728692314,0.0020670204726361994,0.014213163716908572,0.004749021889218984
17,0.021843519813701348,0.1227052589239025,0.035062915732169526,0.018608783930653947,0.0448729753155216,0.007319993707799912,0.005694715786846852,0.017429566048393866,0.0383869827215313,0.20024572325250606,0.024609401316533407,0.1629803820404064,0.005032208324195631,0.018099637916894916,0.004600247624468971,0.01623017662933906,0.05517661626969821,0.14354549465906147,0.012724409029015773,0.044830990957359235
18,0.05203049906339087,0.03023162223489175,0.2765248154782187,0.036105666996548456,0.023573977217069695,0.08021918407795804,0.014154344608098012,0.013008475634289108,0.02557966350721586,0.07893747666101594,0.04429951845123274,0.20161433622667158,0.008450963323306922,0.0321880906618804,0.007258368008938811,0.01995809335832873,0.01692753682010273,0.007135188111208601,0.019261615221465186,0.012540564338167743
19,0.25721071102540427,0.20656586936090163,0.020106480499628796,0.009717357307993262,0.03018371079076004,0.005508466803546172,0.008921541428736659,0.009400562611731519,0.010892915676728778,0.007622170910755598,0.048104813256548314,0.011876439690132285,0.1020489605230134,0.01025304168023709,0.00454751424418609,0.07529783403594732,0.07514948982231255,0.013044228431040517,0.0723535335083141,0.0211943583920816
20,0.0543832002627688,0.04174816438475821,0.04495944297691898,0.08123546593279425,0.02459312251902181,0.16277682815354896,0.04490594946991551,0.03806447904554538,0.01795659762550852,0.044920040094782517,0.08809308197144343,0.04181734128732372,0.004412247441322827,0.025079522085606588,0.02320808096078812,0.14174529386827903,0.03445257819681037,0.036143884495766845,0.04014293934288388,0.009361739884212194
21,0.06725964497233217,0.036599516292978154,0.035236970740472315,0.3420721923799762,0.011448881283725568,0.09369875215052915,0.025788849733399292,0.01980562056614817,0.034550309773152654,0.002837775045759567,0.011440133603131614,0.022553892247435127,0.10519789164983666,0.03215078175873774,0.007678203437515909,0.05064195856348483,0.07216881422590206,0.007823584547809799,0.01154884971294438,0.009497377314728704
22,0.14260299018891362,0.024591157167140318,0.027286126918448433,0.02117303019139733,0.059402718147289035,0.0588051244144771,0.024078813053640534,0.019923991771810447,0.036211133360586296,0.008297435440362476,0.036211133360586296,0.12484642460275032,0.05630978405804678,0.03665522032726615,0.0257426935772529,0.08390400748190208,0.11220203252652838,0.010964262404733027,0.04184580366655362,0.04894611734031489
23,0.0584967840408595,0.08367005017789791,0.025780717027535652,0.020878329681054936,0.023868658482979796,0.08910392993335932,0.04810002324802693,0.033065491993562075,0.03213790476290242,0.008136736962161415,0.061735442995698483,0.046208568163372356,0.04271818691996718,0.02700394785698118,0.007331816177186366,0.22262520262307137,0.07124093796811856,0.03241034447036014,0.01030360540680501,0.055183321108099447
24,0.022621425541781436,0.014183887887065842,0.006157422420679073,0.09423366355622456,0.07337994615588496,0.0061668877983803655,0.01314194029516504,0.15781713506339226,0.030783207645572734,0.22695622684827882,0.0296151896800133,0.04504920236106321,0.025359372491962042,0.03144139776979273,0.018097300531560955,0.044470177618617275,0.011171766620497589,0.050242132153228196,0.04654333916690235,0.05256837839393731
25,0.013353509913854858,0.046990035187616866,0.022607059172683543,0.026353570356997206,0.03361600225904583,0.010526929349362099,0.02162901937152605,0.3857179675237613,0.03514668823784209,0.10716706974944042,0.02439824264590866,0.0329049069938159,0.010331592130100181,0.014149517619928612,0.007212802171494369,0.013727306070556099,0.012586050076031006,0.10082674888756744,0.026611388746853537,0.05414359353561388
26,0.08501958576751127,0.028497625023967608,0.05838165059044264,0.06722286258179053,0.012636103349339995,0.00921472216670861,0.20127335795518808,0.01086147396788822,0.027984911879398437,0.0038398607693343636,0.012906148959348086,0.031807943114565,0.0037536687304930605,0.02660292861428366,0.08206193834874927,0.10394581323532623,0.07698217026606712,0.0060204469126667595,0.06903685669388658,0.08194993107304445
27,0.0098407475443838,0.047286734387269956,0.15698429561582486,0.008184039753356638,0.03598209565710524,0.003106273591926984,0.03877079306402714,0.010537306655316839,0.019474596972856292,0.020947903370695638,0.052986165048782063,0.10285871504179749,0.008496451618565819,0.01915254849213259,0.005031782008767113,0.00719651361255191,0.011423503310292212,0.005997746538059658,0.05818764452459862,0.3775541431916892
28,0.032149840230017705,0.17328205892383222,0.013469786090950588,0.012992229633529487,0.09828110483997354,0.006002378629690136,0.04254640529199996,0.026867703814075113,0.03523422801972969,0.0767254130818927,0.026248452446752234,0.03978806605951642,0.007528863248819011,0.014608653590984988,0.009113893025031624,0.02825629958120999,0.2987479456007318,0.014535808296616286,0.020951876864804354,0.022668992729842134
29,0.10268283322338403,0.02085354278428248,0.04632926412202426,0.018456124309260403,0.016188774661544947,0.05872338366663113,0.01266717770414762,0.04461171864409048,0.021760848641988777,0.007155355970810191,0.04752832596898905,0.38770464355105905,0.006165278928091209,0.015654068665490163,0.0037778534138612142,0.0956022271272137,0.012427878560454329,0.006278572751458702,0.04804382772330715,0.027388299581911035
30,0.011844895907378136,0.030184203676093303,0.051238611152895186,0.028735629942251446,0.05587993680788716,0.007561737678363271,0.01419157476153067,0.45663784117504375,0.03074240765885875,0.09597058499668694,0.0204239307491191,0.03796675906546805,0.004176273735897429,0.013439462168121379,0.006094666700191421,0.00721375447647234,0.007867161025969465,0.056543201569907414,0.03566287804662243,0.027624488705242308
31,0.007877844063072813,0.04980758430164348,0.033427192172684486,0.05901892954367118,0.03717318063125923,0.011712079463700453,0.03275168659281501,0.050708853355967747,0.023168123825039792,0.016294318010069135,0.034384800952541664,0.4166739517571568,0.00395018286987869,0.07044777756254815,0.007708013000954777,0.006545264799676167,0.017095361010199674,0.026871792083950675,0.027231588680468672,0.06715147532270144
32,0.00856464996395364,0.017678463654558975,0.0358720549165959,0.01614832130720463,0.2202369920249987,0.0056100540198248,0.018218206090236323,0.027001773107471025,0.04356218859478231,0.006021752966170731,0.027938681482743175,0.023172096285673537,0.003594794380007345,0.022583478397610077,0.0067657679070954125,0.006713152773875955,0.007154679163420712,0.008174723532437164,0.1909992187264085,0.3039889507049312
33,0.008427118824949738,0.05478196348893348,0.071370499717048,0.023613480273383523,0.12426551416073107,0.01488975232955716,0.06511415263517464,0.01992406152149715,0.02341160652556539,0.007034268322918478,0.05223455093129679,0.07240044731888638,0.0042361274359844865,0.02430287998490721,0.007560820618482022,0.009540837787082786,0.006657451529671014,0.012594989731644883,0.07130734149175334,0.3263321353705324
34,0.008829406070162768,0.047352672369105245,0.028927808635673537,0.15789042940059125,0.025897440532986007,0.011519671406449673,0.019739828095537617,0.01806515374659787,0.39825516802312955,0.008099947055607223,0.02199666239720007,0.02199666239720007,0.005166254423985864,0.03651820628253048,0.04929762131733052,0.0076159274264757165,0.014153080293538208,0.019142018128989153,0.030164965370105528,0.069371076626803585
35,0.010202536676657539,0.03989458209794462,0.4181434183856573,0.021444015773962263,0.036017766548007465,0.018503750905461355,0.028432606770893473,0.05816205032246096,0.03630860303588781,0.00990421825377639,0.12596945453909594,0.036734214234307123,0.0039515246113920426,0.015048379172639705,0.00879675483495147,0.005928665194861312,0.009765452163013838,0.01723305881091188,0.03891407442489742,0.06064487324322006
36,0.34237036367916795,0.07741628934640586,0.06354706055612543,0.03067367307753772,0.037152314196643534,0.008841460263541951,0.018570960333427474,0.03950194255342929,0.04508328749059658,0.012730785877307383,0.06407332149301341,0.021109211939516186,0.008336852930777036,0.021170906191183878,0.010307691441690348,0.0375698777154166,0.016571455944077714,0.0485346978384933,0.05985016913617967,0.03658767799546872
37,0.3066132997742076,0.1536209065300594,0.02695978970585791,0.06849226917563599,0.04274306652011246,0.011495451389111738,0.01019541728468394,0.054295808132308894,0.07608219447429049,0.012525245847341958,0.024087089175272622,0.018595815318380157,0.00429282016917166,0.030579671783930312,0.007163148380774643,0.009847042835586534,0.013976207678221256,0.015466354960718971,0.07812663830648499,0.03484176255784855
38,0.019835790034890693,0.0895844668440852,0.017718904017199145,0.011981719963562084,0.045154174670925765,0.007627848179184858,0.01315424274160247,0.028404385801291985,0.05117104650524124,0.011126980230224973,0.11725604413503944,0.03302543062968053,0.00825648990258304,0.027985441120253793,0.007370464621751347,0.342536142326075,0.01283728435951228,0.008814651632155866,0.03086847915840001,0.11529001312634025
39,0.01820227960479216,0.04287209312729447,0.1122370754278269,0.014884472779415821,0.020446035659539716,0.0077007357305130105,0.10553503184655937,0.03152148659937639,0.02385215234640116,0.014719847480480656,0.04325369718851943,0.35123144964061587,0.0021945729973695833,0.023040100216260434,0.01874673450061621,0.0201894598747407,0.021041442350625716,0.012581219328251635,0.03519468525236022,0.08055542804844057
40,0.6264272094041522,0.013924655599041895,0.010417834313422733,0.00523950927188714,0.01682400665165367,0.0032724096296100624,0.006508796612523487,0.009556746724937682,0.010380888394668709,0.004405195374609805,0.035059386932693226,0.01071980250392457,0.0035064664965337683,0.0071856368881612785,0.003419317164231361,0.20341938644616822,0.009997784535166762,0.004134815030729455,0.008408432081118316,0.007191719944765645
41,0.40055101559135575,0.09695239631128885,0.05921518596057409,0.026103502339140994,0.028524239804365116,0.0048570730981387245,0.010423501179432047,0.026820072570962642,0.02981569685520292,0.009591736670444119,0.06454018709096034,0.024128203020564662,0.010580784533649887,0.03754103212153445,0.012415385412228823,0.036799994277952545,0.0159567076520622,0.01145216994824805,0.06514297818787373,0.0285881373740201
42,0.01703856958243427,0.07252832549314317,0.09335544125461771,0.04893179614413848,0.033448492820083865,0.021189264832792373,0.06189879111694274,0.0361080853306848,0.030769972597978583,0.010053517824486017,0.054784902256212645,0.25253475239429984,0.005530690148633462,0.028868613006139122,0.011415564043039849,0.03087568509791335,0.01856969277481993,0.02413799757549985,0.097480082218588393,0.05047976348755148
43,0.01280721236284668,0.04021256889681135,0.04828215077180274,0.03825017914440506,0.054306141972153305,0.017726593449882252,0.02597937460689937,0.045399975175952074,0.0376962930989507,0.013622273967472471,0.04753272623570251,0.028315838157463746,0.007479190775434752,0.05175931734351776,0.42785309262987087,0.009755341095573989,0.011273511875868714,0.015366383052688387,0.025444849036823203,0.04093698634988003
44,0.012341168949899964,0.024292765836140533,0.037950358872980025,0.048117419580290456,0.04434076138879855,0.009323919167494482,0.019517464389745925,0.014880859224048741,0.031150593667649086,0.007294371281189119,0.35203988319526414,0.06824247601651998,0.0041107622746286935,0.23849141387017797,0.00791998030815309,0.010024049634650608,0.004552487299113477,0.009228627685128561,0.01717779066882402,0.039002846689302616
45,0.011724843477562169,0.05167204538181787,0.31638859110572676,0.02789395225629512,0.04081929284860077,0.007073561397899024,0.03703346405618091,0.026824853304281727,0.025270920756084413,0.02185744879764874,0.08773049261267013,0.03484621477084067,0.004848023571380064,0.03835423761350698,0.016781391727005518,0.06895758942048719,0.020155796023199175,0.01531632502086412,0.07285963983223817,0.07359131602571053
46,0.05864265411257221,0.07653155541174053,0.009534026747664166,0.0076920596362778345,0.3133867446120883,0.0067819363240414765,0.014548235431781414,0.05605442039532639,0.010889000203117139,0.04736191181189428,0.05479334730369218,0.01421922669601604,0.00249522253266754,0.04268546661087977,0.0039768692895425254,0.012064823457512395,0.012749806315300516,0.12572906957993504,0.09476761354111583,0.035096009986834376
47,0.12249391182142724,0.14020783286464877,0.012931175660246291,0.010677879454520417,0.026354528805144967,0.0261607757187318,0.04340791164624743,0.027145068231863495,0.026186465611877645,0.025324682910982468,0.0323014922676261,0.024462881352377924,0.0018452302556492188,0.0858598557656172,0.009034397653541682,0.05523294870634585,0.1538389132515299,0.06210323538122972,0.03396470729537985,0.0804661053450121
48,0.060189042325134993,0.2579868743348321,0.013016243658721689,0.08452787309516953,0.026890037125057026,0.004166315466295442,0.02370222624022046,0.048487474600908194,0.02462656647393528,0.015063659524829555,0.017336496302293745,0.023207231258311624,0.002466408917795959,0.19401500355833878,0.0025345348284207263,0.06786011509880897,0.05367813986685941,0.0267354149242935,0.03415559207539832,0.01935475032437472
49,0.02969590146448217,0.03355183169232624,0.3024019449683575,0.025415986265697566,0.029252319963525678,0.013718119920267164,0.11429503338978864,0.03822826481306381,0.03295495797002828,0.0071726806969892015,0.03523350171330038,0.1094879257799016,0.003410531936995692,0.03406321310370319,0.009084645496948058,0.010744732079294817,0.010801380962266963,0.024081794871892787,0.04621491246472358,0.0901903204464467
50,0.030925034543688855,0.07210597323078416,0.05810691114456482,0.03484825376019516,0.04303420817741685,0.017418693946266568,0.013134578653239502,0.06782040556636663,0.05637423779880623,0.010032628090663409,0.07514979265970263,0.03932063528230477,0.3227765131883128,0.03678015176487114,0.012536958507284429,0.017005571331788875,0.015776721807727132,0.011959161319207082,0.022503004628744258,0.042390564598064735
51,0.025619938284567538,0.07398777963958562,0.13222493090712217,0.0502280411203221,0.017559760128888924,0.1889960478967166,0.02681169509141312,0.04133059157180196,0.02628377524007807,0.0072637872465803255,0.03778493071572172,0.06682377230817677,0.009502288875792499,0.016122192100406375,0.010984875741469407,0.05700121678850436,0.041402401452249576,0.01904015471194146,0.04864160547293504,0.10239021470572639
52,0.019385435236510467,0.027580621473822686,0.020787467507268467,0.08182055302591323,0.01754405584539232,0.00975357140501567,0.01184341950944763,0.02224958970863548,0.3613473714062784,0.005480263543129358,0.02489032917982857,0.02489032917982857,0.06478673360977107,0.06347899024159939,0.09795049793115085,0.006624659439201001,0.01709820039070783,0.029970225323947056,0.06580708189784494,0.026710604144707065
53,0.01282504673564849,0.04583360138241602,0.03300000779275987,0.03400086079082514,0.5406542961333537,0.00835803336024123,0.017835961209862982,0.027903944681740612,0.01841372275750182,0.015204683052597352,0.06388872435718101,0.025727656132329014,0.010959816998881572,0.023973042154960683,0.007608077783165574,0.009816724557407754,0.010203501325792945,0.011931757469232083,0.019781524236675625,0.06207901708742653
54,0.09488731025779669,0.12048974943718668,0.015032280103284374,0.013634299299819743,0.04009107433734689,0.007035946643996481,0.01918113874177002,0.012672072095508384,0.06724035234855157,0.007226346707390734,0.05844609837590463,0.01912451984062287,0.009808584796849963,0.017977134954691738,0.005890398949774443,0.1544670920641889,0.27391083067932626,0.019249791071183422,0.023230909051283458,0.020404070243522792
55,0.017877076054016217,0.04212565366827055,0.020693909508121302,0.23370100253489773,0.014792953778822464,0.004062706109540901,0.016193968854313477,0.008447238915953314,0.035400976273906634,0.005161054258356752,0.21654805434353044,0.1545580255275526,0.0033092360915053477,0.1038873925601076,0.02103916623479898,0.04105351284157978,0.021961464960764898,0.008391507928084872,0.013580698009357607,0.01721440154651849
56,0.021022482531385143,0.043596929429496084,0.02393489468766319,0.01968284511388322,0.04917952614338707,0.008520115495233816,0.02562520844856288,0.03440667922036321,0.026120746469158948,0.026029543607668317,0.0811405246121866,0.03448906455726074,0.4627609969529778,0.047115651771588295,0.008105778059514497,0.010746338617808786,0.019574591023756097,0.010290168692157821,0.0192891482033174,0.028368766362630058
57,0.028665534696024914,0.07418983160104956,0.02658466593964779,0.04807390319104653,0.025291852934719687,0.011013792235127254,0.014531141145688051,0.13117666999492247,0.046343103502651764,0.07721588455844547,0.028093217628275602,0.05465244099284292,0.003953923703890159,0.026887455571665577,0.004911180292201995,0.009319666945949672,0.10405863565143579,0.22441710173149512,0.020962062633771095,0.03965793504914864
58,0.08088506321578487,0.018602343483252737,0.025014891198785853,0.061029809172142076,0.04619992848417259,0.006429654925332921,0.01364019595633257,0.06734749383165603,0.2830153767565494,0.006570664844794454,0.02571506132934668,0.02571506132934668,0.004311149971581583,0.14153728538648774,0.010675908948902548,0.01200445299826527,0.03156983917934316,0.04746692951434827,0.03269827228384809,0.05957061718972647
59,0.014142751222214466,0.05981751294613351,0.38195278751167766,0.02478417384920956,0.03807238493638608,0.029462765705531514,0.028082932488680868,0.022221696835467028,0.022332615731599056,0.013045174424342915,0.06114223019575934,0.06417974303242824,0.006530060418392281,0.020824438027602882,0.0115469185481585,0.010474257765683614,0.008014302548896365,0.02123201089701599,0.07973478098429301,0.0824064619305272
60,0.008997180131983631,0.0516169272473595,0.01737613800433302,0.02256938983092507,0.1387420017216161,0.01006955657849042,0.010891157350705546,0.2754250124891031,0.024379982399419728,0.21533160513795718,0.021158732250476583,0.06519947887847401,0.0042811699347303864,0.010790425713476747,0.005374102385483165,0.004869109759875184,0.025763683989717047,0.02899684031704122,0.030644052700131933,0.027523453178700384
61,0.017185918491328712,0.02070174043212457,0.036193096751130506,0.03920140748644827,0.04959140115295977,0.009215728159933765,0.010119897121767998,0.021015006906031,0.05075051058100797,0.1058665995312321,0.47104008664189,0.0241076227300125,0.004583222561171414,0.019211237512673875,0.007077218741901404,0.009520997891320191,0.013055594472878898,0.028547490467669186,0.02542263749366115,0.03759258487285672
62,0.027449966899204363,0.034767466442573614,0.0418829754704838,0.050649844420191055,0.028672008407388185,0.008779984369595305,0.05754700457906695,0.21125073085852444,0.028166795793830978,0.05587432329144204,0.0339374196971609,0.032533302810887545,0.0034439992640195316,0.096171068272763,0.02644058085082241,0.029074342222269133,0.03335741436786652,0.066875539062011,0.08235847615043738,0.05076675676946189
63,0.008475794474568756,0.022271359893245284,0.029789849169724974,0.042603928967144856,0.08257496173866291,0.00818169415482213,0.06941350115461146,0.04043314013229966,0.2525278260335789,0.032076494265816775,0.07881777870366691,0.029798829668720862,0.026638584562308637,0.11990184289145212,0.012079176232149946,0.008490990120616777,0.013911997485832503,0.033432324155697635,0.04472990685310036,0.043850019341978595
64,0.013495979697262567,0.022161134053334045,0.029529803664330074,0.020929882718537546,0.021100270198528896,0.010579459468794572,0.01884433245231543,0.028496086905880413,0.05107448257595578,0.011926539065104831,0.04155954880030576,0.03093946721428447,0.009575763745123532,0.027846658861688734,0.009874327875271977,0.3599661379635107,0.2157237080551322,0.008475771206069635,0.048478619630467484,0.019422025848101397
65,0.032162137692554105,0.1576888770803451,0.03707240969802639,0.03219606203153365,0.018544637897337762,0.022427692739327057,0.026047047111454672,0.009011214034016073,0.01728028172159881,0.18501038702755046,0.23666845890658697,0.007158110118329523,0.0024852157180727348,0.032358777805428986,0.008778472803008162,0.032768113215584,0.02593974767480559,0.021036792875493402,0.01958881869008921,0.07577674515885732
66,0.03615312684305244,0.03320528473323615,0.046433962767129536,0.02534099311052993,0.10637146164835552,0.004300152548487755,0.021691109859382864,0.039436973691081074,0.03945974392360326,0.011630788194879163,0.045528321669439396,0.03998055403793953,0.3545663877254897,0.05979575014629507,0.00862558459166755,0.012753865965444323,0.020335798729012318,0.011950419666347203,0.027348493589460135,0.05509122655916702
67,0.3810115552857455,0.03657851514920124,0.03929658682830235,0.021607894951514262,0.0807260651174757,0.00799571967565003,0.016776596372340913,0.04371880351374353,0.04450513738905654,0.012285792567051234,0.08610710475091009,0.029091762170250876,0.0065342463894765244,0.03379252496571058,0.010197078875805614,0.026489438796708037,0.03367102526643913,0.014906734052797728,0.03917010865436736,0.0355373092274528
68,0.014452040084211047,0.02124739767129846,0.02725934553900962,0.019217179801638153,0.06138329491052757,0.008903756536126383,0.04820693865365511,0.06640544137708579,0.03915999235659939,0.4324241022188952,0.07004167034296248,0.02274391370639574,0.017607914712222603,0.021578230774567646,0.007037789721743146,0.008424351472011924,0.0146009934205778,0.017283472959959648,0.017420148680477192,0.06460202506003516
69,0.0741600520248928,0.035123878256686634,0.04219482166972082,0.011301130862563142,0.031685071806353486,0.00617815366222564,0.05646834884641296,0.046676560445716525,0.023173642749768873,0.006436813366478556,0.05353795952464949,0.3607005010450393,0.0054497904427191985,0.09987375701801417,0.005729589373037144,0.021599423925707937,0.011785256366079945,0.013664623311219417,0.021230368682799153,0.07303025661991473
70,0.0120758649566665,0.022713133896361155,0.011920742356724122,0.01926308047307194,0.05506786758530343,0.007999121328443553,0.02402269846044002,0.035327615457540054,0.04147637244663835,0.01614616300257538,0.04963405767872125,0.029050697957684737,0.011836730464493787,0.0190764722026357,0.007692603926597961,0.4489097088437858,0.022039077116759224,0.012197971079729534,0.09568077541947938,0.05786924534634816
71,0.025124167096229118,0.057403354338508523,0.047983945063318635,0.0410599369067259,0.05069736804343768,0.014116338295616716,0.032733046744250635,0.02331107708591927,0.03215709101062891,0.009319297820410185,0.07267900363253331,0.013848105363104697,0.4008645557402318,0.02317868627827114,0.010829188011384803,0.017722815544117265,0.017119832097317707,0.023647840526973368,0.05337599421684415,0.032828356184176205
72,0.013056024072995748,0.03633699953652657,0.010843115429701946,0.01412321020599734,0.016749190833148016,0.023023171172131818,0.01177244611801398,0.027220640268520214,0.02544415609819713,0.007659625127345184,0.05883161030859108,0.39691992927726355,0.0054411442697606125,0.029499919783718936,0.013441239065803056,0.017986973104852692,0.2213223575331843,0.015275371546635205,0.04214093509523483,0.012911941152377785
73,0.04478781855892579,0.043786281562459985,0.027896541425665902,0.03772880240016631,0.050753103130947975,0.044965408079813064,0.03772880240016631,0.05238331846528485,0.029239988741943942,0.04914462444543381,0.03772880240016631,0.02838584669024144,0.019148913820674535,0.08139978758931694,0.03853789289747537,0.023036976050963512,0.023008111794153786,0.21276128949623843,0.09714959131961061,0.02042809873035106
74,0.02410171923611365,0.05480108803773998,0.02369521932859303,0.4413623882939992,0.018790063459723685,0.019354518424154157,0.016050590302178584,0.018522887357344364,0.051923712742066426,0.01029625907420554,0.09449180422569992,0.0199103447565083,0.008473468135058022,0.028425047878920397,0.018313328236642324,0.012341119487694629,0.011601949824699444,0.02341936443994798,0.06208903960334125,0.042036087155369106
75,0.036057878445556725,0.024469171917323933,0.027110086296838542,0.3630116500004784,0.02267428010455267,0.010515847305876442,0.045671179487976124,0.031249471413947467,0.046157761149137236,0.013594013095686988,0.05564313949030831,0.08893815272451322,0.00914957392318813,0.07770475189358624,0.011316853052139851,0.014572202734855157,0.012327830634965451,0.027850968760272956,0.044641683608509085,0.03734350396028706
76,0.02076885413748488,0.3611122898669233,0.03671531393401469,0.03172100369968425,0.0785887083650192,0.008711322518284973,0.01570385676102223,0.02174010851851067,0.023309744059274988,0.04118173489475019,0.1566151283907003,0.03526966228695247,0.005441831374638725,0.015715110471345918,0.008072503065326805,0.014087341455002365,0.01523291485881598,0.01387017291873314,0.02341607096497835,0.07272632745853655
77,0.011450420261891551,0.04165428791849779,0.024130961118205067,0.05136516086610998,0.021677810305471036,0.43271126427768364,0.028109334878763246,0.030201581797062303,0.03462290640412561,0.015111191063652612,0.14666244149414878,0.034879582274005956,0.00562731169900701,0.01021351057065324,0.011207495088619238,0.006257796115424535,0.009338348417131503,0.017898975055434658,0.03743956322039179,0.02944005717372053
78,0.007508796495761767,0.048198437449026695,0.03597790903171599,0.013637146014065377,0.3663812631413204,0.004920991932116345,0.011944514669719068,0.012043856178066635,0.01953736766560585,0.03279966284887987,0.06484132232135181,0.04723645345599671,0.00333668306413269,0.012876922752689871,0.0074449609114647704,0.006390474656356528,0.004371962202055124,0.011145957467748253,0.02290371388509651,0.26650160385682964
79,0.022804272923615525,0.05502106618003275,0.05196028370568362,0.03127429329074086,0.026420258111426148,0.009867971636313467,0.022256405540351576,0.02956794714608667,0.03784446728002265,0.008091244751181679,0.05986083715071031,0.04055959233852668,0.005233267515464683,0.018603655621259468,0.011383975436127805,0.4808877990767099,0.010674754841365538,0.010437221686826632,0.031036476414605864,0.0362142093529481
80,0.017126109564419463,0.03535121683321211,0.44415542736278385,0.021835384895365892,0.03219620363550972,0.008678261577905634,0.04193048577509917,0.03000508659007132,0.03627137784726848,0.008908567966175998,0.07792785614607056,0.04526382494301096,0.004640846153340841,0.019557945331084393,0.013006838377991093,0.0062710465908416505,0.008878434801444514,0.02545894736480658,0.03642299716480438,0.08611314107879342
81,0.01196738215607855,0.035198195803083206,0.04307662227775473,0.040599887246344155,0.028722166095404986,0.022831075243577196,0.014419831744051962,0.025781859158200686,0.07246051209967132,0.009162186486467739,0.0223314508083058,0.03212157654279107,0.007034523320733754,0.018740671427459235,0.506610327321709,0.012536509175565478,0.019438396376275226,0.02010769441082188,0.0223314508083058,0.034527681497398294
82,0.39768367013849937,0.030232362149516277,0.025568057159917744,0.03033667612649431,0.050950057680643514,0.018494700638115202,0.021525469702132042,0.06119582165984546,0.04443651875826104,0.009059708379863838,0.04520299511563023,0.04190208224362268,0.009254365868645375,0.03055780482865584,0.00738666860718262,0.012167540373441707,0.016038664850524454,0.047160152341650365,0.051525746468862134,0.04932093690849574
83,0.012283397664826362,0.02072215078493635,0.04459698864872516,0.03579337978342601,0.02172870858308861,0.013799166009541685,0.01767268155911797,0.034572384545934136,0.07382556069159607,0.008534016762569445,0.06422953631533317,0.02403110815326939,0.005277993215913811,0.024034567131332337,0.45763241844728203,0.01054327549931311,0.009362737396909016,0.024656476197384914,0.05740705339272228,0.039296399216778105
84,0.11281691251824917,0.015674640347615655,0.011005722744680618,0.011443286784207005,0.014612853869855915,0.005364660255563657,0.03879890786068023,0.015808756211549268,0.02087706347974159,0.005791701588150597,0.05412605336868286,0.012858375275763743,0.006029928526840726,0.012901196524781312,0.004733303713381381,0.2325756237844345,0.38241399851643804,0.006797086166129321,0.019900093551458907,0.015469834911795429
85,0.010902360680844853,0.034106025911452946,0.02598108863719045,0.034949665496371414,0.12298426324164576,0.007233066900112189,0.013488841051528535,0.4202839434454637,0.02625739744379474,0.019149595598558868,0.021167455564471166,0.10365039947760368,0.004515169637199066,0.019719916605094128,0.007356466195949927,0.009971901971346933,0.014255983504261726,0.02976535909904836,0.04874798322206444,0.025513116315997217
86,0.01648284195446486,0.026900988725958638,0.022500856187417723,0.024420185984369132,0.03440598526418648,0.007873900462364707,0.010827950999477143,0.05478588188246696,0.0933077351784415,0.006282519085481153,0.06952094264213966,0.015348012892635595,0.0036053616297599157,0.016997485452117822,0.006001733677517644,0.0075398606116235676,0.5122891757170057,0.0280403783523679,0.022853159929029,0.02001504337117478
87,0.01599171422742767,0.02123270000013338,0.02133883895594526,0.03269646867565471,0.022938119318510954,0.009637596571325934,0.022672421245981327,0.029023753525108508,0.03261695775415652,0.4217805594529866,0.11501055923407794,0.01819421919706484,0.0065966787185105175,0.02662963356158895,0.009213567590938039,0.010098256803601283,0.010522439176521722,0.05339089600208411,0.07871584658705078,0.04169877340133089
88,0.009058542636072014,0.038154901263058705,0.061678498433952976,0.028626906458724555,0.05286664937020536,0.429408077989352,0.014701846524007077,0.034161566429926786,0.05159931051975796,0.008815343439961348,0.0790138080419161,0.02175202133028397,0.0038122321993844326,0.019778197680181867,0.009505291251082303,0.0125544660246674,0.005911742906684398,0.023231128120979775,0.05255377149544515,0.04281569788435591
89,0.009063726848265624,0.061802518005485016,0.027045252472064144,0.056950534165859185,0.04295826609676581,0.022314638604834087,0.03432769732554697,0.07514391673571551,0.027045252472064144,0.007791205121919882,0.07514391673571551,0.2951393876919928,0.003931130348863181,0.03092834465620364,0.015460745678085874,0.013654684562398593,0.015015048789031349,0.02019878440230008,0.05597616823329909,0.11010878105358958
90,0.058871272406988584,0.0722170159999087,0.021618182405059163,0.018801489867997775,0.08945036006018352,0.009661521006323026,0.01239438865753915,0.03924094642955522,0.029653550388944974,0.010008932904960036,0.09055160988069733,0.02891582408060432,0.01276221495265474,0.020478894020337007,0.007405858558825282,0.32217405043745934,0.032035992466434925,0.011467149271136826,0.014800350218103627,0.09749039598628646
91,0.017246006283253762,0.044196637035260534,0.031018634310296455,0.030464473023509978,0.05475655724747624,0.008998827210135476,0.011671055938394919,0.08000020598895936,0.026348523140882034,0.008969869267921106,0.08936624688688401,0.06442016445619478,0.005902559140748217,0.03527759588459697,0.005513462281431029,0.05785300203297793,0.3458242941522546,0.014237351110008867,0.03352755359250546,0.03440698101630838
92,0.016909941970316592,0.02882217792772427,0.03590806450649689,0.02564293390998675,0.038283494247664494,0.013957213032548106,0.01658246711535835,0.440924832629852,0.08743189921439998,0.024520336213929433,0.024890538312400547,0.05666169225748471,0.00849099926575398,0.03214719277234491,0.015934148129220945,0.009369088811609022,0.016344675342718978,0.024447885400616917,0.04257693863335267,0.040153480306220485
93,0.013619130240504044,0.08215493885574765,0.0496651962202734,0.02797566823704074,0.046914120111133904,0.01007404469849217,0.008786518010495604,0.025770794481141814,0.10806998485828777,0.011528344285998884,0.020926253504371266,0.01522670019118422,0.005063499272432931,0.021048757927173017,0.007240273998666658,0.011358967119734232,0.4411191466235983,0.01791138080551326,0.05299546304057773,0.02255081751763243
94,0.059982450447906385,0.04954629615605242,0.023413508318944454,0.029070571413173065,0.03501816356593619,0.012727130078793366,0.013378107390980797,0.03569380289598019,0.03430675902940449,0.008403909985528634,0.14763647956071013,0.01718202569196811,0.004292042213081013,0.015405563122687791,0.013088278556646717,0.019367507729763263,0.32654495958804586,0.015549663868441583,0.11636253242318671,0.023030247962768903
95,0.014285477945181325,0.05006422237705866,0.04492700394838197,0.04700336825807802,0.04835645875673304,0.01196214383391956,0.021770364351720424,0.022018383605638372,0.05923737797145841,0.0074985489147737245,0.04208189171784211,0.02781923243743433,0.004582346537501517,0.46178217516793707,0.01157695473518151,0.009989655563998117,0.00778610809479862,0.013730170196112931,0.039174642606185105,0.05435347298006525
96,0.01290138251766335,0.0459274217560619,0.020355918932695838,0.4935037405910022,0.029944463774983904,0.010481569964611394,0.015477870174765736,0.01842073260782753,0.04521801770555862,0.011280636726103153,0.08648594638736495,0.02532415227630968,0.004727403826847863,0.057784040263426456,0.012780403626725166,0.010010361612351477,0.00867826674799563,0.02005890875747567,0.051074126691393835,0.01956463505883575
