site,A,C,D,E,F,G,H,I,K,L,M,N,P,Q,R,S,T,V,W,Y
1,0.032553657,0.013444526,0.01085765,0.012836142,0.010735744,0.753905501,0.008926016,0.012359921,0.014331255,0.012699382,0.012393283,0.009589183,0.010142078,0.01455155,0.021806595,0.008351982,0.010025689,0.007843676,0.008655388,0.013990782
2,0.016934703,0.046932903,0.052028601,0.05752323,0.071992844,0.072577499,0.062795204,0.042602537,0.04999674,0.062388223,0.038640827,0.058948657,0.030878438,0.047670977,0.063095416,0.053873699,0.057383502,0.036095012,0.030045259,0.047595729
3,0.053511584,0.073201863,0.056505931,0.062142712,0.013385778,0.049965261,0.042150623,0.065984602,0.049520718,0.047830404,0.055520386,0.04044249,0.062742001,0.04468929,0.031706755,0.053656687,0.065373626,0.049145664,0.043952374,0.038571251
4,0.048787539,0.044417805,0.04709052,0.04722836,0.049999832,0.014693413,0.039617403,0.062744213,0.042651899,0.047403905,0.052419013,0.046153935,0.058400653,0.077472977,0.052644877,0.075313278,0.048191163,0.044562386,0.059839119,0.040367707
5,0.062065852,0.056483278,0.037298377,0.035267359,0.052825779,0.045291146,0.038107617,0.060700529,0.050766451,0.04414158,0.050437619,0.066037471,0.052898629,0.01563504,0.056672808,0.055749784,0.060556665,0.049332042,0.052177204,0.05755477
6,0.083434588,0.048745618,0.060596071,0.047279756,0.06918335,0.043518373,0.04576964,0.070050942,0.039406821,0.044371986,0.048260883,0.045675962,0.048539741,0.01604102,0.027378186,0.054962374,0.067677612,0.053488454,0.031983543,0.053635078
7,0.054071979,0.058287184,0.055850056,0.057035766,0.046998226,0.054679059,0.04936418,0.055732093,0.044767728,0.046863983,0.046469783,0.049267419,0.058757398,0.059408613,0.035533947,0.016891418,0.059466917,0.034148252,0.056465965,0.059940034
8,0.062485845,0.053132719,0.056940426,0.05149592,0.043360219,0.016120642,0.045804885,0.034490208,0.055522647,0.045533491,0.056341556,0.067252571,0.0688762,0.050244629,0.05281063,0.059520912,0.055658984,0.057997905,0.020612486,0.045797127
9,0.01937277,0.064904885,0.046188622,0.047303857,0.065442488,0.058402774,0.043044849,0.056216785,0.039311372,0.03600217,0.091902845,0.069848285,0.046978139,0.038534539,0.023037073,0.055373381,0.049892144,0.052752776,0.028526525,0.066963723
10,0.109078369,0.085289052,7.03E-04,0.001473074,0.080447291,0.047257931,0.01688839,0.14101452,0.001769584,0.120281142,0.058818631,0.014063247,0.057220036,0.011615243,0.003924633,0.078358757,0.098645843,0.037699575,0.016261313,0.019190442
11,0.054753479,0.053775399,0.057781418,0.026765386,0.056764943,0.018394397,0.063210798,0.088380383,0.056243001,0.066953496,0.049301124,0.064540214,0.030559623,0.074448079,0.025549234,0.04438425,0.070517155,0.057476704,0.020347342,0.019853576
12,0.083204087,0.083999863,0.007220617,0.001968692,0.076322637,0.01577732,0.045273848,0.111871894,0.029425465,0.079015683,0.063762356,0.027864099,0.095186372,0.031858541,0.027250404,0.082602976,0.059460297,0.030511178,0.013463717,0.033959955
13,0.082558204,0.068778712,0.001561194,0.066237063,0.04576962,0.03407168,0.027161048,0.0093468,0.106921803,0.039517216,0.045068099,0.114067671,0.017616107,0.10594271,0.059802727,0.075922494,0.04011499,0.029798535,0.007788701,0.021954628
14,0.075978879,0.072930293,0.03241297,0.058742534,0.01400941,0.068757557,0.082508394,0.066398142,8.83E-04,0.060461278,0.070908666,0.019545276,0.072173835,0.076284243,2.64E-04,0.043419956,0.087930254,0.065527907,3.37E-04,0.030526548
15,0.003681258,0.003732044,0.003325022,0.002055877,0.445321146,0.003535001,0.005098782,0.005890896,0.004408717,0.020497403,0.006130013,0.00293003,0.002804645,0.003579617,0.003742306,0.003329278,0.003535157,0.00655442,0.249904442,0.219943946
16,0.065714126,0.08780951,7.28E-04,0.017015728,0.047674811,0.042242577,0.055652915,0.0720402,0.049683718,0.065646939,0.037825624,0.018452772,4.12E-04,0.10010558,0.0277182,0.080007943,0.047665938,0.085694505,0.009803826,0.088104453
17,0.090966582,0.139255713,9.02E-04,0.001926546,0.062121854,0.001796247,0.001589305,0.121256152,9.07E-04,0.242164005,0.157891659,0.001143908,0.001239402,0.001017303,0.001614006,0.001110028,0.100953853,0.069393653,9.76E-04,0.001775313
18,0.06683413,0.070229931,0.002237131,0.020430163,0.045958357,0.050132003,0.044155592,0.082142314,0.079340532,0.047964486,0.076232406,0.03413465,2.47E-04,0.074399699,0.065941542,0.083406359,0.091080803,0.026145347,0.016009644,0.022978283
19,0.005767411,0.191421257,0.023614204,0.001647456,0.001425753,0.009080096,9.20E-04,0.138322223,0.00333007,0.085974072,0.056092884,0.093228441,0.193513559,0.001792825,0.001806823,0.039458503,0.031031736,0.118192685,0.001631155,0.00174902
20,0.125598793,0.01710309,0.001957196,0.024184382,0.077755788,0.009069812,0.126231785,0.003990619,0.043520852,0.107705233,0.114439864,0.024552592,8.21E-04,0.14516202,0.032720575,0.032322306,0.00293612,0.024184382,0.061559304,0.024184382
21,0.019979112,0.0111426,0.022484599,0.015544845,0.011370896,0.011120869,0.691515648,0.016048005,0.00974022,0.012677609,0.020576557,0.011820261,0.013116231,0.037849828,0.022125415,0.011432925,0.008870689,0.025873368,0.012171829,0.014538497
22,0.04415771,0.073299063,0.00192794,0.012468622,0.077718945,0.029187423,0.009429779,0.050602431,0.098470638,0.025357065,0.064450147,0.083293796,5.69E-04,0.073070389,0.060219866,0.055078777,0.060420907,0.082258405,0.040957928,0.057061039
23,0.079148768,0.146930723,0.002583824,0.002403194,0.01309669,0.205644101,0.051179025,0.017426377,0.012111033,0.006875056,0.067735243,0.005238706,0.00556999,0.007845612,0.037412914,0.136847794,0.144034307,0.046232243,0.003052342,0.00863206
24,0.055167025,0.053294543,0.069145055,0.048285695,0.042253968,0.073435049,0.043775955,0.043963033,0.051242323,0.054294676,0.050579311,0.061645007,0.047384729,0.044537657,0.052062695,0.065386998,0.021602455,0.051428486,0.031482753,0.039032586
25,0.04077328,0.042528545,0.077076619,0.061264504,0.044378314,0.057960528,0.060092622,0.053560177,0.056055575,0.042660363,0.047509841,0.055438343,0.056378519,0.055154279,0.049622035,0.022763272,0.060298107,0.031245047,0.039882061,0.04535797
26,0.019631436,0.04495298,0.051809473,0.052259004,0.059788923,0.049536245,0.063372196,0.060535982,0.036128146,0.042034303,0.060199616,0.064519733,0.05687435,0.052054606,0.040916159,0.052984438,0.036500506,0.067799774,0.051974349,0.036127781
27,0.076967808,0.083795205,0.044951572,0.149899258,0.022802379,0.022143946,0.088981234,0.030400044,0.002954489,0.058142078,0.080113306,0.059371596,0.002929817,0.103573578,0.002514625,0.066297055,0.029775733,0.031047771,0.008152919,0.035185588
28,0.044188492,0.036084942,0.032626123,0.032807581,0.066457688,0.031522994,0.076899556,0.054823098,0.105030342,0.047917788,0.066043062,0.041972431,0.001211041,0.07259319,0.073059025,0.037716028,0.049152089,0.049764197,0.022300126,0.057830208
29,0.043145207,0.063362173,0.044847989,0.044820541,0.045411114,0.04510067,0.063044587,0.046488716,0.065019911,0.041281664,0.050537791,0.055459458,0.045626481,0.021854587,0.049184762,0.079984983,0.058153298,0.040751742,0.045814321,0.050110006
30,0.068700744,0.048473451,0.062678763,0.030813596,0.04683604,0.046577995,0.072458061,0.025033167,0.045467734,0.06069775,0.065815709,0.021475976,0.004526756,0.052365686,0.059198381,0.050064312,0.062702391,0.047515406,0.045991405,0.082606677
31,0.085134061,0.022281335,0.008971696,0.039068376,0.038114263,0.045242685,0.049728494,0.036136226,0.075795664,0.04659231,0.072004264,0.057199076,0.051501328,0.065804298,0.038363485,0.045417002,0.053851089,0.057710632,0.057260011,0.053823705
32,0.131054788,0.121962664,0.002054241,0.001472937,0.015887573,0.003975467,0.007555832,0.180172532,0.053775246,0.118652942,0.103163001,0.004800313,0.024203983,0.016137741,0.054087544,0.014912344,0.070948445,0.052771411,0.001477332,0.020933665
33,0.043448638,0.031560323,0.014329368,0.008469242,0.132368571,0.034745657,0.072776454,0.041738031,0.028245061,0.087674587,0.103165714,0.009771748,0.001540979,0.04612571,0.013172056,0.060369797,0.051905709,0.064131673,0.048871761,0.105588918
34,0.071928781,0.057191304,0.06872349,0.026802518,0.031459569,0.035169638,0.06392591,0.060553263,0.048843427,0.035812847,0.064256518,0.06154597,0.004403577,0.047844859,0.042101206,0.067744703,0.069761347,0.058897648,0.033929096,0.04910433
35,0.051429384,0.10608804,0.101409484,0.064604821,0.027649181,0.042483499,0.089341633,0.014552877,0.070813103,0.037621331,0.051069357,0.05696459,4.74E-04,0.070181243,0.046135295,0.024218625,0.045053061,0.044297218,0.023569667,0.032043425
36,0.055670743,0.046691082,0.077449462,0.068374671,0.042666839,0.047901892,0.061934794,0.04319284,0.066984754,0.050219841,0.061308736,0.038460321,0.043008894,0.055943482,0.042378386,0.049881565,0.052501591,0.039335441,0.039008331,0.017086333
37,0.06594374,0.041901981,0.052448018,0.067595952,0.042314345,0.053569145,0.042584509,0.043033656,0.05103754,0.052122195,0.061790435,0.02274686,0.054035761,0.063764792,0.034912773,0.055601775,0.060640198,0.048849261,0.053640441,0.031466622
38,0.085684593,0.028263326,0.029047453,0.01000104,0.004891854,0.006883593,0.026981901,0.004532127,0.069085325,0.019854376,0.11484494,0.010177733,0.004239045,0.259130318,0.203998212,0.081419795,0.021212598,0.004811728,0.00750708,0.007432965
39,0.020783741,0.015938001,0.562226751,0.079093596,0.016838938,0.041735425,0.016565578,0.016993323,0.016725726,0.022616275,0.0187489,0.023140447,0.0160183,0.013860513,0.02723795,0.012737309,0.022024779,0.022447983,0.016904102,0.017362364
40,0.020389218,0.099077415,0.001541526,0.001584349,0.003462296,0.001393944,0.002161962,0.222959308,0.00233338,0.073277071,0.193088574,0.002185732,0.002165138,0.003147757,0.002104147,0.005413498,0.184237824,0.173917387,0.002294126,0.003265349
41,0.07674007,0.095560204,0.001087684,0.00382616,0.07298993,8.03E-04,0.123879877,0.127705365,0.001503371,0.044220408,0.146135292,0.014845535,6.57E-04,0.042441008,0.001203728,0.022126911,0.042568782,0.144866125,0.013497032,0.023342393
42,0.158920721,0.165290076,0.002168166,0.002564123,0.046699622,0.00583093,0.002197125,0.239131687,0.003843452,0.097021308,0.080124572,0.002575435,0.003168925,0.003655621,0.003273351,0.007935051,0.085739526,0.081345262,0.006064533,0.002450515
43,0.089094316,0.078970867,0.018164413,0.034736864,0.025178729,0.082360492,0.074661545,0.018616284,0.025600665,0.069948896,0.075264731,0.037860871,0.001954433,0.075051313,0.062023571,0.027485194,0.066436754,0.082873454,8.78E-04,0.052839048
44,0.063466208,0.112657109,0.001569788,0.001327992,0.030797365,0.069585199,0.018899527,0.105834598,0.021032394,0.104163219,0.065507891,0.042351114,0.119783605,0.002239161,0.024760766,0.068305506,0.04230721,0.078189486,0.016122192,0.011099669
45,0.066425836,0.053145048,0.063711177,0.05201119,0.041890633,0.078649318,0.05134122,0.01447851,0.03076115,0.034428059,0.048308316,0.08601791,0.03404466,0.054572508,0.047419519,0.073979148,0.023496835,0.041641989,0.04746396,0.056213015
46,0.052954139,0.040142661,0.056090616,0.068226184,0.056738658,0.045271291,0.051442233,0.067926119,0.050539261,0.034890709,0.050335267,0.047939482,0.080973995,0.043200328,0.033381075,0.046975277,0.016814548,0.060221497,0.041942184,0.053994475
47,0.017254786,0.080065015,0.028664688,0.077958841,0.042949542,0.035458446,0.059858129,0.048418041,0.071242598,0.036180842,0.043307948,0.058437854,0.018359916,0.063978345,0.059069746,0.044074941,0.059560618,0.054021138,0.0557242,0.045414367
48,0.06612213,0.064468564,0.033965045,0.077065372,0.062907431,0.049885638,0.026589302,0.004024085,7.01E-04,0.032540354,0.050527169,0.092924214,0.0238306,0.075915391,0.008263715,0.063574715,0.048304102,0.007921,0.099665894,0.110804579
49,0.064210951,0.054365631,0.049914391,0.046932002,0.041089806,0.023705477,0.081140143,0.011895192,0.057374858,0.015984177,0.059393333,0.078840515,0.022302458,0.053632304,0.058633615,0.084113242,0.072209766,0.027621336,0.053350658,0.043290142
50,0.042059705,0.015156499,0.048958683,0.08054132,0.039933661,0.050747647,0.05058201,0.042305106,0.051567393,0.055214601,0.084286899,0.064099826,0.052279956,0.057089544,0.035947752,0.041949433,0.036757539,0.045243188,0.071228043,0.034051194
51,0.056836306,0.070723048,0.023298506,0.107732985,0.034808093,0.050385052,0.060848458,0.012835663,0.039142808,0.037188121,0.057639595,0.068923749,0.018395844,0.083793843,0.045862935,0.074406789,0.04868385,0.026310226,0.034980826,0.047203306
52,0.051797631,0.058355557,0.052913038,0.047071282,0.05847115,0.032805675,0.067188342,0.014755843,0.063179164,0.031688513,0.048168675,0.046676371,0.049815245,0.063536073,0.069219496,0.060914054,0.045503418,0.024531362,0.0475717,0.06583741
53,0.097149925,0.088016588,0.001043052,0.001013097,0.044625482,0.021950695,0.010560877,0.039067338,0.040343761,0.120904612,0.146674449,0.025021485,0.05837833,0.054500236,0.057554954,0.018500656,0.048192093,0.122747953,0.001731811,0.002022605
54,0.098380625,0.154736811,0.006700135,0.003647421,0.001977492,0.243783323,0.005097384,0.002583282,0.003208046,0.003397582,0.003933266,0.003521409,0.101423593,0.008709585,0.013739084,0.223259999,0.10569136,0.008168284,0.00277144,0.005269877
55,0.079463504,0.044263132,0.018703536,0.020754635,0.024273795,0.041532875,0.141033,0.020932703,0.054319194,0.027499841,0.052086285,0.103330458,0.038038574,0.084096393,0.031526524,0.064960102,0.070080286,0.033601615,0.020747862,0.028755688
56,0.026579924,0.619731502,0.021617281,0.023195173,0.01414306,0.018223016,0.016400561,0.026183097,0.017281364,0.019439697,0.01860346,0.030920613,0.010605984,0.020352156,0.01710711,0.014190823,0.028816668,0.023992133,0.020219535,0.012396844
57,0.039677643,0.051408401,0.061223585,0.056224622,0.043628626,0.056256953,0.048968453,0.060804439,0.039020059,0.041411299,0.041869085,0.072227418,0.05335864,0.021954027,0.04516019,0.065103189,0.074189056,0.041758317,0.038365512,0.047390487
58,0.014857841,0.494009163,0.022228321,0.020580658,0.013997901,0.019936751,0.048483772,0.015061486,0.017339851,0.027873811,0.014036721,0.017723891,0.017652881,0.024886608,0.023621143,0.020200179,0.016640247,0.023671291,0.130549236,0.016648249
59,0.040563014,0.05561388,0.052921335,0.047098975,0.042453167,0.047256953,0.059383292,0.056866268,0.059670409,0.087314605,0.062151753,0.046493948,0.038095715,0.064227445,0.05086371,0.037381017,0.023413924,0.050366087,0.032218344,0.045646157
60,0.055145499,0.043651962,0.118250899,0.043646602,0.047083586,0.052896984,0.05138451,0.046356061,0.06491656,0.030357342,0.046550264,0.057479495,5.52E-04,0.061124654,0.061526666,0.05618531,0.018597046,0.046383792,0.037195639,0.060714962
61,0.592147381,0.048130249,0.006014533,0.00436917,0.005798549,0.144143062,0.002826693,0.007787755,0.007391453,0.008116459,0.005127459,0.007187535,0.003892378,0.004961873,0.011278252,0.121683179,0.005123816,0.0040696,0.006205863,0.003744743
62,0.068168947,0.038010934,0.071051388,0.081665577,0.050046269,0.063142908,0.044967029,0.049857339,0.041830505,0.053297151,0.040848919,0.059300448,0.001046977,0.069250641,9.96E-04,0.062943644,0.074340073,0.020001393,0.061332757,0.047901217
63,0.073682494,0.012326836,0.009003587,0.006355901,0.206980558,0.016087313,0.12209983,0.003869716,0.00594321,0.004684941,0.037001704,0.011205574,0.007480568,0.020663255,0.004899691,0.048478336,0.013045783,0.007971991,0.242691683,0.145527031
64,0.059791132,0.03188137,0.085156994,0.05727898,0.025205599,0.057084206,0.063027025,0.013070575,0.031849108,0.040994381,0.079482757,0.073842683,0.013885965,0.055515822,0.086907368,0.034323372,0.022123684,0.029717665,0.060689715,0.078171597
65,0.137203028,0.046621999,0.009797053,0.006365221,0.001744595,0.065552059,0.015637686,0.062683061,0.029078806,0.099465957,0.026555755,0.011687734,0.005835746,0.081932175,0.075285873,0.117531188,0.056470754,0.119766785,0.02400484,0.006779686
66,0.021062472,0.041785771,0.066231795,0.068113468,0.042432943,0.034547382,0.051803714,0.041747683,0.068637289,0.029296169,0.056999818,0.063446722,0.063604353,0.05867615,0.043086008,0.050744944,0.054615453,0.03588518,0.066851215,0.040431469
67,0.050185313,0.025730106,0.008141677,0.002450098,0.025104399,0.097724713,0.112125114,0.008392173,0.079910336,0.007982845,0.072296076,0.156542787,0.002962446,0.030698986,0.088531707,0.048890199,0.117232997,0.015111389,0.027609764,0.022376877
68,0.088790786,0.017255595,0.043774704,0.074652517,0.050498967,0.035696083,0.062709282,0.05022919,0.022396706,0.064810955,0.04786205,0.058512636,5.79E-04,0.047488718,0.051763379,0.08143141,0.060298719,0.048790336,0.036850767,0.055608693
69,0.051938586,0.060914346,0.091046046,0.086883535,0.048316462,0.046899371,0.043130239,0.052694827,0.050552464,0.040011915,0.070855287,0.024319853,0.0053814,0.044400528,0.051752324,0.05969258,0.051035278,0.035802215,0.032601792,0.051770952
70,0.052214962,0.043422123,0.054277734,0.047758418,0.072576393,0.065442222,0.032488089,0.05748733,0.01729067,0.063030855,0.054647535,0.043834241,8.42E-04,0.063194078,0.039534666,0.059272236,0.074713526,0.046543186,0.051764904,0.059664501
71,0.032956173,0.047855008,0.063866743,0.05225544,0.054209148,0.028504067,0.016061431,0.051716899,0.036047652,0.050887213,0.05461094,0.058953681,0.044226253,0.045448235,0.094435628,0.080578629,0.039164024,0.056888927,0.051356818,0.039977092
72,0.06069623,0.079349373,0.01097475,0.042108173,0.046527113,0.012862768,0.098256436,0.076083141,0.032866162,0.063503868,0.097690006,0.040910683,0.015272236,0.073235074,0.021578366,0.058992151,0.063170638,0.04937133,0.039687016,0.016864485
73,0.041371284,0.031509538,0.079551677,0.062248142,0.031957915,0.043678812,0.056096032,0.047433919,0.06024434,0.060220506,0.04047754,0.085070624,0.019814668,0.048531422,0.048574494,0.043333396,0.06023993,0.051706311,0.044649201,0.04329025
74,0.080016266,0.127689974,0.001972447,0.022884954,0.006971038,0.098578175,0.002820503,0.039297759,0.029080397,0.094152305,0.043643687,0.030424948,0.002103753,0.030736883,0.089302087,0.090065015,0.084855912,0.121454607,0.001902922,0.002046367
75,0.050792891,0.050017326,0.073405589,0.077312658,0.023533256,0.055401493,0.048527693,0.06123602,0.044249403,0.06498789,0.038322079,0.043728177,0.053694005,0.062413902,0.05568262,0.019483793,0.060314529,0.043789526,0.035421512,0.037685637
76,0.048754422,0.112613744,0.001714502,0.001567372,0.040145586,0.033488003,0.042637674,0.072421316,0.001383989,0.08683441,0.068616197,0.008903497,0.014634728,0.008422006,0.001310186,0.055207389,0.081832478,0.113079523,0.155517706,0.050915272
77,0.06173895,0.031892693,0.062316506,0.021994992,0.063055961,0.051565725,0.053287368,0.035373226,0.036929792,0.060431416,0.045821455,0.056761553,0.048158914,0.067550986,0.049217844,0.039241825,0.056555214,0.070108971,0.039856455,0.048140154
78,0.058690097,0.05239299,0.052014707,0.079089835,0.040456917,0.025597849,0.039485441,0.030266897,0.067700877,0.047048803,0.038856351,0.061733066,0.039175593,0.055685767,0.052044798,0.082322494,0.066751139,0.035297169,0.033589151,0.041800056
79,0.039979822,0.045041137,0.039635272,0.044407127,0.045567865,0.035988678,0.070441212,0.041067087,0.048189527,0.041088991,0.067859788,0.071816159,0.038387403,0.053308088,0.064543244,0.065541579,0.061876781,0.04484439,0.051695047,0.028720803
80,0.047468329,0.063889871,0.079421611,0.032165085,0.044168393,0.031674608,0.029564395,0.047681895,0.058563287,0.060688659,0.0548109,0.059898967,0.01924301,0.061890521,0.053276042,0.04477364,0.059937787,0.068526442,0.039902613,0.042453946
81,0.038446021,0.042909102,0.03764998,0.032353616,0.055777476,0.043034946,0.049798077,0.080471282,0.047346263,0.032560601,0.061255007,0.062043203,0.062728745,0.05116777,0.045234451,0.044574692,0.058992072,0.055339767,0.054988488,0.043328443
82,0.048472565,0.038365716,0.004062152,0.047333564,0.0608218,0.014750252,0.070634244,0.074235238,0.058174534,0.056668609,0.04399915,0.03221057,0.006341269,0.115965926,0.042756947,0.07765355,0.060014705,0.025510355,0.052075759,0.069953096
83,0.035091109,0.045073241,0.054853231,0.027212759,0.045245789,0.051985171,0.058924215,0.067166714,0.047450776,0.04423363,0.052074084,0.052726707,0.048948838,0.043332689,0.043606584,0.079491294,0.06559845,0.048298791,0.03541114,0.053274787
84,0.119681227,0.141318987,0.002028029,0.00332434,0.001832624,0.115043329,0.012048708,0.066265377,0.002729134,0.093306816,0.091668719,0.014137306,0.022678787,0.003447554,0.003772319,0.121200178,0.121791871,0.058659451,0.002528029,0.002537215
85,0.054516633,0.055016861,0.057856162,0.059451826,0.032726956,0.061021283,0.04904209,0.051429061,0.090993406,0.025724509,0.05135931,0.050788727,0.007051704,0.029406474,0.064655275,0.071486649,0.050451085,0.049751831,0.050401201,0.036868956
86,0.054254365,0.063564238,0.052902068,0.024871036,0.059766153,0.043682328,0.069343976,0.038764276,0.031952625,0.049200145,0.059139714,0.056179562,0.057307081,0.052999263,0.030046188,0.070339537,0.037346233,0.04575328,0.033004291,0.069583643
87,0.03254503,0.172690059,0.006387269,0.003188462,0.004386559,0.186006565,0.06886604,0.003759224,0.005871259,0.003857602,0.007361008,0.168983438,0.005967341,0.008394533,0.005894241,0.092372857,0.204116405,0.003512103,0.009048607,0.006791397
88,0.045746563,0.039521076,0.04529263,0.027835859,0.040965028,0.071126082,0.0573302,0.048974961,0.080841172,0.044977988,0.030843322,0.052814905,0.057282589,0.056664752,0.049049714,0.049531869,0.063143925,0.045726779,0.047728385,0.044602199
89,0.121172715,0.093697175,0.021063157,0.006265186,0.121211666,0.012674797,0.168902503,0.007160982,0.012129858,0.010796862,0.049618246,0.025236227,0.008894878,0.018996909,0.011021033,0.087160523,0.02111847,0.031870994,0.0997861,0.071221719
90,0.041958294,0.054831386,0.008375302,0.011122173,0.45872696,0.014935569,0.010860565,0.01417578,0.011061294,0.011884827,0.014322045,0.01091815,0.011630017,0.010262379,0.009607989,0.022671049,0.020564856,0.009807577,0.008265614,0.244018174
91,0.047082725,0.063596738,0.057143055,0.044958007,0.044642224,0.069389527,0.047290035,0.053854354,0.039945905,0.047532578,0.070019545,0.050119202,0.024514132,0.037198642,0.059871273,0.053315308,0.07065178,0.047477025,0.033374884,0.038023062
92,0.070893502,0.049913552,0.053948086,0.063280936,0.06306174,0.057097788,0.025521399,0.056866866,0.065147151,0.05311597,0.024796275,0.050038179,0.034019633,0.056605109,0.022984166,0.062006853,0.042606058,0.056502141,0.059019723,0.032574872
93,0.01086153,0.050053927,0.003210962,0.005050747,0.021490998,0.127878834,0.16862805,0.003681597,0.137896339,0.00587898,0.101256017,0.035347831,0.003124792,0.123358547,0.076083594,0.050644257,0.057019363,0.009794387,0.003764747,0.0049745
94,0.039220294,0.041820301,0.042499018,0.044010829,0.073693014,0.040418313,0.058340347,0.054736438,0.040713115,0.032987132,0.050498593,0.043461874,0.04380397,0.057065921,0.05490503,0.044502718,0.065058463,0.067250128,0.081076771,0.02393773
95,0.014617691,0.014009986,0.011109152,0.093794023,0.010362216,0.024620009,0.03389082,0.013285988,0.048120219,0.014929354,0.188850693,0.013595597,0.011255176,0.358516673,0.019851237,0.074144502,0.014643827,0.013437379,0.015124096,0.011841362
96,0.060883641,0.055185956,0.084718324,0.053937818,0.027682142,0.057775924,0.05035604,0.037952498,0.053711119,0.067069772,0.047529185,0.049325632,0.036496084,0.063194046,0.051983585,0.03017532,0.021258929,0.053315082,0.046764282,0.050684621
97,0.043130864,0.077766445,0.065000355,0.037198193,0.059848826,0.058042015,0.034018988,0.027110502,0.037619241,0.052943478,0.089133553,0.099357255,0.001246455,0.042463788,0.029211664,0.084143146,0.053133132,0.044586316,0.0332956,0.030750183
98,0.114124578,0.17821718,0.003456052,0.006508736,0.002393245,0.010167194,0.002726719,0.131447056,0.005207914,0.042906349,0.030020491,0.031516457,0.002977277,0.007876047,0.003517488,0.115798655,0.230869737,0.072775816,0.003339613,0.004153397
99,0.060306323,0.095560837,0.100612141,0.011153122,0.060092189,0.008083733,0.041763593,0.079093971,0.004344399,0.045806396,0.093754853,0.064525029,0.001942425,0.047586052,0.008859565,0.042753524,0.082138305,0.060516718,0.010777158,0.080329667
100,0.051277754,0.069697262,0.008885189,0.046161684,0.075425737,0.033745913,0.049679558,0.060797053,0.069618166,0.028388456,0.048113269,0.033499124,0.023186862,0.067052339,0.084204302,0.053396538,0.050974352,0.05648917,0.042166834,0.047240437
101,0.111788662,0.163904308,0.022148038,0.005037714,0.006656992,0.221502488,0.006127349,0.005343132,0.004494807,0.005792601,0.004552716,0.006505607,0.004986476,0.007356967,0.005347345,0.247132899,0.156746249,0.005112064,0.002806577,0.006657008
102,0.022796497,0.032685018,0.047161584,0.055687407,0.045666451,0.084195555,0.054197093,0.050792738,0.072702001,0.040708035,0.037192934,0.047241829,0.038933263,0.044322449,0.077525323,0.051742834,0.058681377,0.048590469,0.043129266,0.046047876
103,0.279695795,0.201029241,0.005187618,0.008112082,0.005049063,0.126649349,0.00581607,0.005232498,0.048375718,0.006556115,0.01044453,0.012814289,0.005896061,0.017231962,0.006058583,0.231168029,0.005361442,0.003597791,0.003847302,0.011876461
104,0.039113382,0.05539843,0.060883508,0.095188714,0.019330175,0.040519896,0.031877724,0.029219118,0.068124951,0.039885936,0.041221176,0.045713665,0.041973167,0.071763369,0.063807032,0.06854766,0.050757653,0.060659007,0.048009734,0.028005703
105,0.120796335,0.140601206,0.003557651,0.002905188,0.00312343,0.11266152,0.004473523,0.097871653,0.004249691,0.006134386,0.002901476,0.090881579,0.013546197,0.004067757,0.006203559,0.076482809,0.101547516,0.201433251,0.002845235,0.003716038
106,0.040254825,0.049843781,0.047935534,0.024834023,0.042219128,0.046867571,0.055130133,0.083821048,0.065270065,0.074475415,0.040476962,0.069928991,0.001404738,0.042319913,0.045168754,0.055432199,0.06479588,0.063253561,0.039799761,0.046767719
107,0.054695276,0.048275442,0.048192637,0.078645732,0.030413858,0.068851836,0.045974812,0.044614147,0.075704931,0.040555435,0.063047385,0.074578535,0.024482359,0.046998251,0.05006392,0.059356161,0.052631877,0.039593123,0.019155763,0.034168519
108,0.021185277,0.013490124,0.02848495,0.017015059,0.021925953,0.49051844,0.02352288,0.031123906,0.030155531,0.018817501,0.025089126,0.040942309,0.027066777,0.026085158,0.040462703,0.021472406,0.041838151,0.021629223,0.036084114,0.023090413
109,0.020226362,0.30300709,0.282947625,0.019963873,0.014085368,0.021828458,0.020474185,0.028635963,0.010190897,0.013625805,0.016997651,0.04822257,0.01549251,0.012366534,0.013149828,0.10202748,0.022578532,0.01067049,0.013009329,0.010499451
110,0.021048589,0.534645476,0.026932941,0.019549405,0.024788494,0.024388713,0.025971569,0.01379153,0.028604533,0.021703662,0.018204535,0.025140691,0.024372488,0.020530962,0.025662683,0.014853183,0.017411587,0.029418136,0.059409876,0.023570948
111,0.132219425,0.013844474,0.015971574,0.013385886,0.012002842,0.243334551,0.011111912,0.010292082,0.011015117,0.014927585,0.013000843,0.019506191,0.010862629,0.014953439,0.007105594,0.414053341,0.010107136,0.013075665,0.008457833,0.010771882
112,0.057521244,0.058777525,0.003253388,0.084169657,0.046613965,0.028665374,0.078858077,0.002848938,0.067968164,0.022708943,0.06438818,0.076985075,0.001022595,0.070020314,0.098040686,0.06881593,0.053868323,0.005518248,0.036370292,0.073585085
113,0.066159367,0.053248548,0.04589151,0.044787248,0.038294886,0.03451677,0.05739266,0.019248601,0.042320973,0.055744563,0.064043349,0.049415304,0.067385235,0.044177038,0.039070607,0.072746609,0.065273902,0.046607997,0.051183726,0.042491105
114,0.102498736,0.130668692,0.004015868,0.003570467,0.110160271,0.003592065,0.003229595,0.149169698,0.004179171,0.089413408,0.167887641,0.0037096,0.003717527,0.003531799,0.004031235,0.005712232,0.018825504,0.181012115,0.003668226,0.007406148
115,0.068816217,0.058981911,0.004260658,0.078378419,0.052626212,0.04738262,0.071783116,0.039647834,0.099116253,0.046497969,0.036492991,0.061336529,0.001099552,0.061892514,0.021859071,0.071191243,0.064488212,0.047580436,0.046360507,0.020207736
116,0.018729755,0.511670614,0.015776515,0.024109282,0.02931779,0.023616679,0.031847485,0.030175329,0.02373795,0.022995478,0.019762071,0.024202604,0.018586357,0.023665793,0.02254407,0.019303218,0.018077661,0.034570318,0.063924914,0.023386118
117,0.04293908,0.05971466,0.062674513,0.027574464,0.046276762,0.054621389,0.073960415,0.053239339,0.03370273,0.028791087,0.037129331,0.053973107,0.044125262,0.083452964,0.064644045,0.069192746,0.039991518,0.040282087,0.035469128,0.048245375
118,0.018549296,0.071774037,0.020846476,0.02000544,0.0189293,0.015338757,0.481077535,0.021096482,0.025780181,0.029926405,0.021280989,0.019283912,0.016552422,0.099798501,0.023049416,0.014919207,0.021411868,0.021436542,0.019849306,0.01909393
119,0.022881813,0.024182608,0.020453082,0.036174186,0.017555865,0.52960235,0.024794207,0.02462986,0.025846433,0.022274946,0.022538848,0.021664822,0.030707039,0.022200542,0.020863696,0.024404253,0.025369766,0.035681648,0.025079017,0.023095018
120,0.088482084,0.078607527,0.015659582,0.010903206,0.050351847,0.003591169,0.008693871,0.209561613,0.006052317,0.143819062,0.074558857,0.016182375,0.006739791,0.030373275,0.00169261,0.058578862,0.102601496,0.051638421,0.002623149,0.039288884
121,0.064369066,0.127099965,0.00460776,0.003244827,0.007240831,0.002936534,0.037224539,0.068849887,0.012340527,0.11395857,0.188708065,0.006974912,0.003305599,0.136868694,0.044040666,0.010903827,0.070142891,0.09103124,0.003671943,0.002479658
122,0.602215512,0.007662817,0.009423438,0.007224613,0.010252151,0.213344288,0.013438913,0.011209009,0.011531131,0.011798858,0.011048622,0.012842904,0.010108509,0.007591211,0.009461986,0.015383192,0.006352988,0.012236384,0.007132871,0.009740604
123,0.042634244,0.08131462,0.002850522,0.00304933,0.134880089,0.003258878,0.017102659,0.065462272,0.007767205,0.242575547,0.095588304,0.001978913,0.018767786,0.038536739,0.003694542,0.017674087,0.078857455,0.126042475,0.002084864,0.015879467
124,0.012341535,0.247045665,0.005080317,0.005572022,0.008299526,0.003467884,0.003005739,0.209584499,0.004688068,0.160657836,0.055754222,0.035348849,0.005311345,0.008415175,0.00510818,0.013154138,0.119068428,0.091111472,0.002913606,0.004071495
125,0.125772093,0.155827317,0.019585967,0.016723457,0.010832709,0.041225289,0.00635717,0.007566219,0.009210917,0.010691413,0.008717255,0.010273298,0.005314695,0.012500715,0.01301717,0.291555389,0.219580772,0.011657481,0.009217836,0.014372836
126,0.132138783,0.112423253,0.003474849,0.004094563,0.001789804,0.086402757,0.002821547,0.055681335,0.003089679,0.082408089,0.06392971,0.038573764,0.004262378,0.003130183,0.003096293,0.140833643,0.190850483,0.065480661,0.003208965,0.002309263
127,0.095938972,0.037911755,0.025418581,0.02299971,0.014095394,0.393347027,0.012960547,0.025301739,0.041189387,0.014427442,0.015119939,0.055531862,0.012322121,0.014614701,0.024458587,0.023556844,0.017340186,0.01661571,0.11929909,0.017550404
128,0.049760557,0.082990129,0.078199696,0.052551196,0.012581444,0.035352001,0.023341897,0.012783006,0.063970202,0.0043468,0.090527998,0.091942981,0.002512136,0.086078514,0.046996647,0.094788375,0.130427384,0.02407517,0.002500326,0.014273541
129,0.051918038,0.057968998,0.066277818,0.024337365,0.051350818,0.051864027,0.056376911,0.051116244,0.057622832,0.061875521,0.038575664,0.057004592,0.048984967,0.051247867,0.039049339,0.062027337,0.034092295,0.043102888,0.040785375,0.054421102
130,0.064763715,0.045579493,0.058535062,0.084698585,0.037519817,0.024012344,0.040207591,0.021713559,0.073054323,0.036807409,0.03418993,0.086712946,0.026704616,0.0540859,0.065835974,0.05661877,0.050727958,0.030138286,0.047032482,0.06106124
131,0.064382359,0.054889342,0.044505309,0.065283976,0.050398797,0.054153449,0.053995081,0.055558174,0.054869382,0.05659314,0.04205935,0.089619591,0.001265119,0.037878592,0.070070126,0.043081721,0.056137478,0.023773463,0.043855494,0.037630059
132,0.188337102,0.218523223,0.002517164,0.005707555,0.003206323,0.006780506,0.003955102,0.230381261,0.004962106,0.047764627,0.03878421,0.013089441,0.003234167,0.004123916,0.003816015,0.041831107,0.080566544,0.092720219,0.00413571,0.005563701
133,0.05209971,0.016419407,0.021164269,0.020287928,0.025957524,0.479163784,0.028091497,0.018826435,0.045326763,0.043478367,0.022474702,0.027752975,0.021979547,0.021823599,0.027499162,0.040373051,0.021627276,0.026769399,0.016137057,0.022747547
134,0.039090141,0.155186149,0.003945121,0.003923775,0.073761492,0.003514253,0.008579554,0.141959576,0.005419657,0.125207108,0.112626102,0.009363263,0.003410118,0.003411974,0.003299397,0.004537687,0.009067362,0.162483091,0.026066657,0.105147523
135,0.063076915,0.123560379,0.010838431,0.090985162,0.0023984,0.16695944,0.002169051,0.028570152,0.00275337,0.017544763,0.036124994,0.127404477,0.002101267,0.002153203,0.002723712,0.13816018,0.10569883,0.069864052,0.003045849,0.003867373
136,0.062789437,0.077626266,0.045499796,0.100437365,0.015127066,0.057984121,0.057770712,0.029258074,0.002775307,0.055189665,0.057379621,0.09500782,0.00280193,0.101265087,0.001767105,0.084682231,0.055253412,0.037528343,0.009593718,0.050262923
137,0.101372232,0.11947309,0.00184825,0.002784415,0.15019537,0.003388815,0.002635789,0.057491818,0.002153793,0.14990266,0.13552717,0.008866294,0.002720827,0.004644223,0.002187355,0.024775428,0.087137302,0.132169623,0.002680172,0.008045373
138,0.010670616,0.016754929,0.01599327,0.014586223,0.016864933,0.010426224,0.010872914,0.010802957,0.237547619,0.015967723,0.018491312,0.023311735,0.011051938,0.02338093,0.317387613,0.060691327,0.118401491,0.017146318,0.019454309,0.030195617
139,0.022725511,0.05622691,0.069476392,0.174742726,0.009491471,0.097929246,0.025889505,0.003000995,0.015937384,0.002459263,0.009903245,0.136998738,0.043527723,0.080247615,0.006235794,0.132735925,0.098730972,0.001993143,0.002500951,0.009246491
140,0.054846342,0.086363354,0.004878664,0.062108082,0.086492897,0.015014013,0.063752809,0.068312413,0.039498821,0.046752804,0.14560953,0.033072735,0.003220407,0.101935771,0.03711926,0.035752194,0.035339768,0.048587937,0.012396418,0.018945779
141,0.084179583,0.056956429,0.01559737,0.037453479,0.034348009,0.046568949,0.068171463,0.056854858,0.060843053,0.027324894,0.035840631,0.052418668,0.003276462,0.050495908,0.057570015,0.063525756,0.068741788,0.062020541,0.028711471,0.089100675
142,0.018586028,0.068191796,0.03600408,0.013176638,0.11798281,0.034672072,0.045236886,0.096827428,0.003116427,0.028975621,0.060284082,0.077882139,0.00366603,0.027632334,0.003595548,0.044020725,0.132536488,0.053187613,0.074798534,0.059626723
143,0.069511872,0.187368021,0.00464686,0.003617271,0.046320861,0.004674,0.004958218,0.183736499,0.005751873,0.102626669,0.112299433,0.003570988,0.019450081,0.004619187,0.004653882,0.007494636,0.076040571,0.150989073,0.003808014,0.003861989
144,0.078356728,0.084018594,0.086398133,0.055893007,0.01173482,0.066813679,0.061833425,0.024596027,0.002497806,0.02706983,0.076765033,0.059588758,0.001938451,0.064341151,0.004839929,0.112579337,0.12178441,0.035033112,0.007849473,0.016068297
145,0.067084912,0.0748196,0.032060493,0.073642262,0.043692914,0.056911303,0.068723688,0.061408466,0.013922008,0.045312582,0.055781595,0.085411086,0.060520694,0.051154486,0.02112785,0.037980857,0.040317987,0.041614652,0.035141552,0.033371012
146,0.059110335,0.079303538,0.044275806,0.096693354,0.029345768,0.068591804,0.012181636,0.051697348,0.018125756,0.03957513,0.06965501,0.035133423,0.057343843,0.054829895,0.004913077,0.058675031,0.072211357,0.096184327,0.006929533,0.045224029
147,0.080627443,0.1419116,0.003186834,0.003008085,0.002442509,0.002884075,0.00318416,0.204851191,0.004597365,0.016509589,0.024538225,0.041479758,0.003067162,0.00257568,0.002037023,0.046826469,0.104628956,0.173860408,0.002672639,0.135110828
148,0.066761174,0.085225569,0.028369384,0.077341578,0.050386619,0.007990076,0.065296148,0.044816352,0.002282086,0.073814388,0.048718508,0.036728507,0.001844711,0.095854022,0.001721817,0.078561811,0.086810631,0.075115084,0.002384023,0.069977514
149,0.055590899,0.08050899,0.003194969,0.032457527,0.075167954,0.001680085,0.072924083,0.064034449,0.040929969,0.053067616,0.070824825,0.048608478,0.077149645,0.055573434,0.056564928,0.032506146,0.043129385,0.051816931,0.032483337,0.051786351
150,0.021156678,0.019364031,0.024375438,0.023165501,0.019847903,0.02120721,0.026735176,0.032687009,0.036113095,0.02048716,0.017490868,0.027826465,0.021498351,0.513262964,0.026978667,0.024593375,0.05261306,0.025940721,0.016582832,0.028073495
151,0.010904533,0.064846772,0.015599006,0.009736147,0.050528492,0.25905753,0.032286007,0.012517564,0.015119838,0.012120698,0.152045462,0.072571572,0.01181483,0.023497796,0.012898692,0.172770535,0.015140011,0.014262316,0.014755246,0.027526952
152,0.025266562,0.106910568,0.009120551,0.015165629,0.015522414,0.011375928,0.011006332,0.273562414,0.018483158,0.026527843,0.173131443,0.014159629,0.055866473,0.012904713,0.010441549,0.01180347,0.014075265,0.17570354,0.012723705,0.006248813
153,0.07909279,0.103122404,0.001850859,0.003570907,0.018626342,0.011707375,0.098091972,0.002871829,0.056594293,0.002476633,0.012284204,0.04496314,0.002501008,0.124525742,0.101191882,0.186299901,0.097655665,0.042331394,0.001761246,0.008480414
154,0.065153768,0.074669135,0.069877578,0.052221338,0.012674555,0.087166798,0.089247251,0.003174241,0.003498743,0.026501461,0.024926109,0.119407082,0.003039597,0.009528063,0.004193895,0.09307296,0.122424743,0.117676884,0.002427875,0.019117922
155,0.013587988,0.009865753,0.011141655,0.007509342,0.191167876,0.012462039,0.010505741,0.012023618,0.014119269,0.01189347,0.01041696,0.013682481,0.01258917,0.014532811,0.008662465,0.00975336,0.016267687,0.010746552,0.409100789,0.199970974
156,0.096376618,0.109398092,0.005967061,0.010157852,0.004482607,0.007159189,0.006581853,0.290400006,0.038061274,0.082448869,0.141219935,0.009332986,0.007705647,0.012782686,0.011319391,0.006306216,0.013665663,0.12611725,0.007573049,0.012943755
157,0.055846093,0.078257631,0.003462626,0.046819903,0.040468437,0.051187879,0.053067266,0.061025336,0.031508731,0.074789538,0.076651287,0.074936323,0.002566094,0.06649592,0.017125251,0.086229795,0.084720741,0.040925649,0.030873237,0.023042263
158,0.051032133,0.063390294,0.037469308,0.038604057,0.032223491,0.05504046,0.073240409,0.053453636,0.040903753,0.057504707,0.011197436,0.055678012,0.003734836,0.040416708,0.071201523,0.063197703,0.072547791,0.053850365,0.052626866,0.072686513
159,0.015752452,0.023291217,0.015507693,0.019363526,0.013274644,0.018663596,0.016937592,0.016043621,0.020795653,0.336433506,0.370293193,0.017984485,0.012576046,0.011850474,0.018295919,0.013287907,0.015302295,0.013824201,0.013093564,0.017428417
160,0.022730634,0.016911118,0.020118715,0.017403793,0.026076555,0.545640194,0.021806988,0.028028754,0.017618163,0.023816714,0.034826364,0.023346478,0.023280324,0.020928154,0.029618885,0.029844686,0.019685125,0.015299516,0.015992527,0.047026314
161,0.026950773,0.056394668,0.05163108,0.084650129,0.036434999,0.087705604,0.061169116,0.049926902,0.052320934,0.029025779,0.035808866,0.053886142,0.00392835,0.067059123,0.022723797,0.07244055,0.065522441,0.065945444,0.040414486,0.036060818
162,0.185199121,0.225618938,0.008542947,0.00585585,0.009688063,0.011952351,0.006773577,0.012164546,0.007928211,0.009481201,0.00885476,0.007701074,0.006833727,0.008758064,0.00751148,0.213223565,0.032095167,0.21091436,0.005933958,0.014969038
163,0.022348477,0.021165765,0.016358969,0.014087999,0.457958507,0.021845153,0.023739262,0.020166782,0.016591116,0.194635596,0.028949443,0.011729446,0.022961356,0.019812539,0.028494705,0.019857745,0.016825596,0.014847246,0.013233433,0.014390864
164,0.112165458,0.018284516,0.018158257,0.0162622,0.023779559,0.476400634,0.017072913,0.022783985,0.03242645,0.019394611,0.038172342,0.020871929,0.019953336,0.019268171,0.031152138,0.034262549,0.013507971,0.033962604,0.014313745,0.017806631
165,0.065033804,0.054225853,0.011661978,0.095857626,0.05886131,0.152080153,0.04693444,0.041227759,0.006905889,0.049769332,0.029898086,0.074420252,0.001230118,0.081864436,0.004478858,0.03528744,0.061877064,0.05766579,0.018482627,0.052237186
