site,A,C,D,E,F,G,H,I,K,L,M,N,P,Q,R,S,T,V,W,Y
1,0.006774968070692241,0.0011291613448971291,0.008129666330248999,0.013997824598631652,0.007324315326014358,0.09705851005149707,0.022129691163917654,0.11255242568566283,0.10957936363261724,0.007247952227170068,0.22527966293574755,0.01250187334916503,0.009142874395385739,0.0056268871756417205,0.08981327884429635,0.008852499034685941,0.015184826109211767,0.22240326820108364,0.010045797105776494,0.01522515441765651
2,0.19923541030914138,0.14216614380230122,0.20194866427552108,0.004866074983607555,0.010325907465521231,0.24781882570482844,0.018819316526562158,0.006517698735484651,0.023908577745720017,0.018192311203001733,0.017893626460234808,0.005832060066599519,0.015602566900950954,0.006785225935871582,0.011600938971173287,0.011563052847107467,0.01228262734363246,0.017306122486850165,0.017315402248645258,0.010019445987245062
3,0.09568008048653587,0.0019104485550431878,0.0011344812120848997,9.318662777829561e-4,0.023079069395072125,0.12984619591869875,0.048021341087435054,0.07365118748410078,0.010377423862363032,0.07574638844436037,0.06032830443738955,0.2193239248388718,0.004913790218927347,0.0680208871916473,0.0014579145781443844,0.040531429936901564,0.08389598457567682,0.049247334226042216,0.01015521171504159,0.0017467355578803848
4,0.0022452814591219757,0.008666891084072717,0.001046556637596431,0.0027057199550459296,0.002969916487030809,0.004338736417084928,0.04906294845118767,0.06863954676816045,0.08867512308277564,0.09287680685995413,0.48710486178468465,0.011714161206912599,0.04245472588708196,0.07277725872126359,0.0022588097214990208,0.04637428343320027,0.0021291885993357214,0.006703333480755127,0.0044786304936597476,0.002777219469576648
5,0.016487008513333564,0.007520656176973409,0.00227497048386468,0.0088156373114058,0.008614555424309972,0.0088062644791386,0.029055026945185424,0.14335873674003463,0.008066721942289686,0.06567263293204413,0.06887132144889646,0.010941945200931016,0.002925456457991774,0.010385971708280069,0.0017770929766887824,0.11859865393163851,0.018005960558519774,0.04936768326382903,0.22656299211944636,0.1938907113851984
6,0.31597478205552576,0.1289868259308915,0.005703176772178154,0.004795898321477265,0.13906854340449953,0.014809588941633405,0.14837851208398598,0.0039619206371228725,0.011639046738235017,0.008978189756269316,0.023157114072685836,0.00889191910445345,0.0062277297488310575,0.007454058457660544,0.0031712299552068353,0.149273493884718,0.001927396684236361,0.006921609249376769,0.004075730698115392,0.006603233502896945
7,0.21178429283412262,0.03713699490891172,0.03395288154013941,0.008943407353836568,0.07345563708783247,0.0018837265109942136,0.051622027528950745,0.010651053731803927,0.013738074302619183,0.06815448702010879,0.09804915474939035,0.028552118664640715,0.014921376415333528,0.14556919140372052,0.014935821370767469,0.09126605497646548,0.028653354056501646,0.00948053652193958,9.091005477270777e-4,0.05634070847419406
8,0.1860215106086021,0.009204979099728283,0.0011586743031812682,0.005727140243314823,0.007203025545858725,0.0028441950302662148,0.09435357855057966,0.020818268924330068,0.043298747145350834,0.009659903305214093,0.012364520245890704,0.03758388208007037,0.05277498205426659,0.15436930022830947,0.003758400576825625,0.004635622978852707,0.3375249938242187,0.004900555464046296,0.007326999488093479,0.004470720303
9,0.16965521443127518,0.1250004673328807,0.006309947271037389,0.0037818880698920953,0.026434858155631128,0.008601228941164782,0.14668060275325745,0.006862874004097844,0.17291014334936444,0.011053605303112987,0.005200281797454205,0.0376919523902123,0.05633612070889185,0.0012609858942909853,0.12839944830450306,0.028012597992407996,0.008039967376281367,0.004770826531154921,0.009742851823494459,0.04325413756959487
10,0.11693838510593126,0.5021355988201017,0.0016334782248893698,0.004693319464731443,0.06891736222034577,0.0014490861143901031,0.0028789753351124614,0.003906034007691263,0.0030450175856364323,0.0063497363703983855,0.0017668029288095157,0.003470473074768769,0.0030909561340477583,0.0023396455112127375,0.0016107910272518246,0.06861180973590192,0.18903249091429145,0.0010551579033788116,0.005840269702567986,0.011234609818541068
11,0.011062766742680212,0.006170359083836184,0.014245102134387845,0.004970178766805494,0.5483761210767257,0.2485419356834603,0.00987508576764179,0.004705788584172495,0.012691479142931054,0.005030250936642159,0.008666655997670412,0.007281625175517055,0.005168985916165067,0.007099051330381727,0.0035938486111379273,0.007655154304861964,0.007705540907178726,0.07157569185742092,0.005432749889555813,0.010151628090827012
12,0.08968586946915942,0.02714768329873673,0.0033922885484721347,0.005079439975185185,0.0077549581082027395,0.005891060576242128,0.17912091774954345,0.005739083933942834,0.00561125430478869,0.25434035081554734,0.006988307769873897,0.010018148388683925,0.010383115667890602,0.0038245758336955763,0.0035150197316732587,0.16186782536582353,0.20371062384049068,0.006825275470743096,0.005821082788220932,0.003283118363083807
13,0.008046230289067707,0.00815558339686175,0.1332292898126318,0.01435041093000753,0.005479458210172335,0.007402738874231091,0.2921475299800963,0.01269909336764404,0.008821125496985468,0.013368901408952532,0.012135086764791614,0.07067129431844867,0.01131024992067136,0.09505950173858495,0.002605584151306878,0.004788173088822223,0.01895641890626091,0.009288577446474208,0.012837197436556229,0.25864755446143245
14,0.13829325422801284,0.006937840757157667,0.20774551460138926,0.2258922600698646,0.009644851684405611,0.018770582861556414,0.007576319480687685,0.009863529887660807,0.2814731227972108,0.006502185802174577,0.007689924325717691,0.003637304756767199,0.005488106191772643,0.0053228043571453085,0.010098143045869978,0.004494670378803466,0.03389180412437833,0.003915625389976427,0.0052465968026464,0.007515558456802179
15,0.01389132945544205,0.008168961821113287,0.14133132934249798,0.006593314162496468,0.005786831062381847,7.945263333955255e-4,0.10205867902162,0.04651571125517258,0.18661518508811126,0.0047629515703426824,0.006817781304008691,0.17545528803571522,0.0256602870194609,0.008328077380118168,0.003969837526644412,0.003159879439269406,0.11695998080948058,0.00616318983336216,0.008755688212373838,0.12821117132699292
16,0.036964144876406535,0.04517013753744677,0.0016952029830027441,0.0017692623275622258,0.15687709719631687,0.00205951829723231,0.009509600256187911,0.0013282525536589373,0.007337329125047381,8.104393612673863e-4,0.10021664436209876,0.13629757865728598,0.06492427324412833,0.03395269253995988,0.081836956163467,0.04461734668525672,0.19777310954907587,0.0015303953576606957,0.030528426832589602,0.04480159209434813
17,0.008863477158350543,0.01033947584577434,0.007269358694830228,0.01063176858510056,0.009587324121328572,0.0065127473168892416,0.01619965321606207,0.1677449376224001,0.10998801293838842,0.014471824532626298,0.013533654764630487,0.3240165078925639,0.040688004419617195,0.010344823401283666,0.006510605267292758,0.0014837052225464475,0.20567166311851953,0.010777878257570372,0.013546930941049513,0.011817646683175784
18,0.00638012500917162,0.2613253743013782,0.0069869430922645855,0.002784763275928517,0.0068833183707192845,0.005181722498964575,0.0012251474912746566,0.02037039607533915,0.0032721557830960265,0.002174956632641343,0.20991020828046267,0.047769305159234283,0.002160926854062514,0.11587547236411279,0.0014082452493841039,0.08547196704709938,0.09671211703301329,0.00880092509793181,0.1102675530556311,0.005038377328290189
19,0.43435216395999465,0.021568721838630376,0.0015942967494739226,0.015658958868078932,0.013229514195445165,0.014993213471967564,0.019910696553205664,0.018501813449726037,0.016096459946749405,0.009934993749947683,0.012352427566644758,0.008859650101743959,0.01273345722073797,0.1586582985910152,0.030088881122898373,0.021950448427496022,0.004798815633188976,0.016744942940752135,0.024141846508419555,0.14383039910388362
20,0.07160612290009463,0.09519956265317576,0.0012300362297976376,0.0012232477318252209,0.11031367612153524,0.003556280490451386,0.0036395993135480125,0.04662836430876727,0.0024897215657504637,8.834187399550381e-4,0.04659325213576002,0.027826607221774474,0.02578071103253598,0.002104991247615817,0.004617851620838789,0.19071520329198202,0.04841744271182452,0.06577094170283178,0.010798885651303538,0.2406040833286323
21,0.018730420135386297,0.003727103569210124,0.036049458841318174,0.015476973954957448,0.032107436667635054,0.04180439680019945,0.21188081170249415,5.884049666710712e-4,0.011172893533903503,0.019176130066233255,0.06108958443828223,0.20992598713534683,5.23035079971461e-4,0.17242568122503965,2.792316108427419e-4,0.010672362545368382,0.0017171181284878416,2.9309770088588056e-4,0.05655024193938179,0.09580962995838463
22,0.00811052055659951,0.07553910464756491,0.005711105346851908,0.004214693558741683,0.04949690377706445,0.18197273759192695,0.13103684495563964,0.005457802634658604,0.005776601428869633,0.008609675329887483,0.01469987316249123,0.2155717828938754,0.005665465364697877,0.013574545528421793,0.003300905936547637,0.003221143596892124,0.003797794270664609,0.25231615981419686,0.007808588402436083,0.004117751201971647
23,0.3900921115920286,0.015240373602551267,0.005944764187636632,0.004910530597193484,0.04391082765736999,0.016106171633466105,0.012349581958815603,0.010558635626330897,0.011906688766402064,0.00842257447630591,0.01776741410204581,0.012575370575372958,0.007645495969324217,0.01753035903025385,0.0067918591211897994,0.27623352981131777,0.01822827551179182,0.009901853849344153,0.014276258706820588,0.09960732322443848
24,0.0023805336037275885,0.2650526111704675,0.0015933360631238118,0.0016535179250087874,0.011346249275712143,0.0036033008265716833,0.05429544285505108,0.24140941431786336,0.006138763649262063,0.0063722163367433944,0.14647544119077374,0.005526359201149,0.007974450845449958,0.008611338018936286,0.0017639712668722155,0.05807604293438568,0.05757669648338959,0.08921734978699018,0.015492380168556233,0.015440584079965649
25,0.004900408796504777,0.010223124590773035,0.003906693935909385,0.012504153693348353,0.0046625431989967105,0.009009359378945253,0.0084816508325556,0.152082697488894,0.09705734496660375,0.012414060252571805,0.2928008137975372,0.011362158946681794,0.0072281682949573494,0.017758762127237773,0.0025823420990508765,0.005799454340256615,0.1954758016471465,0.006463268223221801,0.008050188695135319,0.13723700469367203
26,0.0018858945749603007,0.00782521875812784,0.09267147433101629,0.013368171287699957,0.0025137065334187524,0.0073997066010918445,0.008711621731212961,0.07085191086970423,0.04795970437694747,0.022075298760724463,0.005781961229282922,0.10649179016107056,0.0020538942773176364,0.008153545875534508,0.003799663943663613,0.061964239950840584,0.19237359250169336,0.17119676225426866,0.09818148611056246,0.07474035587086156
27,0.012286498699399769,0.20658245742446454,0.01144033789613547,0.0042102667304335945,0.1587608780583665,0.005071682005618543,0.0053786808939996185,0.16982537979147655,0.0010860584360663087,0.013082217862927988,0.17063034752889372,0.06695713732598908,0.019847922092687466,0.007511986906504666,0.002808494384622083,0.002949834963710254,0.00749704995025568,0.006192694045182463,0.011515656012290284,0.11636441899097551
28,0.08812113124674104,0.3614382106833039,0.0017018683588649818,0.0036023240340581535,0.05171753007620839,0.0018569763370389963,0.0067896525163140325,0.008312992278553323,0.002842088265653158,0.045998762391753885,0.07080642022528921,0.035408507070123454,0.054140220736702487,0.007192151721839388,0.002708410079618289,8.257501596235889e-4,0.06789276697250189,0.0682689616274958,0.002204948568342196,0.1181703266499739
29,0.016611489888266596,0.550451391485654,0.0034083406482786323,0.006065657385545333,0.003444666749260752,0.003302576105282508,0.002380003941279072,0.0027703238382815387,0.0015442255031290623,0.0013455366385285298,0.003189051008764256,0.05225921862390709,0.05272990837114875,0.10438831341143924,0.002293634726224855,0.04357710527381713,0.06485384920080754,0.027582351202347557,0.002883300438196895,0.05491905555984066
30,0.0029155106746058344,0.0032725221474535007,0.004015413041933524,0.002079052760122271,0.18517404119604527,0.006636253747005002,0.13844609033867114,0.13110346121742397,0.011025358728511103,0.007452509079806431,0.1111707244088712,0.0057354330415104095,0.004794494951828545,0.004112114558830439,0.006446196241114385,0.005761555963502749,0.006172752752805175,0.34221787294869804,0.0065485167505530415,0.014920125450707918
31,0.009257447940660123,0.008129836618404405,0.24803244989364448,0.009933289450611114,0.013417308400382388,0.013069336534638014,0.00930428424971193,0.25017871122369795,0.09559652588331093,0.014604866456139752,0.010860223754919133,0.20891616943297675,0.016630011779471546,0.020593044343679128,0.005525187808293331,0.022897332593842246,0.0072967333964059095,0.014199537812460476,0.013491812775943399,0.008065889650807026
32,0.00302470371676074,0.15685121701016375,0.06312353611951127,0.006783214670190282,0.2684147114921741,0.015930413954198704,0.16485388953450966,0.040150550346335745,0.0100156933768161,0.01465239332491581,0.007721526879688012,0.007714965486945523,0.00407387973147452,0.005562228342401509,0.004376752986128993,0.06887535888134426,0.02013749279846111,0.0028775856016126674,0.025014196046174417,0.10984568970019287
33,0.009492347479640843,0.29812366597243484,0.010345709750496021,0.007264121499022159,0.014648706712412108,0.014487224090418782,0.2308370132363497,0.00741516112852301,0.0037776547977408288,0.005246103400013052,0.027502552892188187,0.09249473889014233,0.023388022694198967,0.0170595188635893,0.0025391464195620513,0.009522459522064035,0.014914956203485121,0.012081293803994845,0.02644235443081849,0.17241724821290538
34,0.0064758073855997154,0.0061161100296257,0.00376634408957769,0.1450075569864104,0.010922885172824883,0.01784234139811398,0.003920112922755859,0.10588873987473506,0.1629725774909733,0.02379483770216935,0.015369936422106703,0.16410783856602176,0.008404084968063665,0.1856559551789732,0.09465813300752766,0.006834360006905747,0.004682916277006848,0.014193852687115519,0.013684083820383363,0.005701526013109592
35,0.006851121394503726,0.007288023263963976,0.17104730798902815,0.16321783225176137,0.03487508345957653,0.0274675428825572,0.08692313356975581,0.017524646176701096,0.04849271591278054,0.01512212335883656,0.02160832458786326,0.150552578228135,0.016720706193572455,0.02627645388980868,0.010082724399284053,0.010840361601845278,0.005660786420666645,0.1289044444367679,0.013195615452010291,0.03734847453058153
36,0.23847422326518733,0.03347515355267833,0.010100549137877841,0.01094415713316604,0.010430341148374048,0.013838838867326985,0.0051100208836540924,0.015087706024549476,0.009408260835802765,0.04672883809596057,0.2881239976161151,0.007280707755385545,0.006959295118533927,0.011604301768891195,0.01504036753848517,0.21393433613047827,0.008506873890804711,0.01584538144766474,0.022269987437467244,0.016836662351596574
37,0.012312262786587438,0.1718875256603555,0.01862639481702384,0.00266534275871252,0.006524174076119062,0.013416321295521257,0.19813701192845548,0.016867435724162386,0.005808218358601993,0.009429783303477898,0.2064469715697307,0.008810578072170795,0.015192652319745715,0.009080848230573924,0.006264167622477609,0.1329634104686851,0.006894519962069832,0.007668151555585292,0.005712473688350272,0.14529175580159343
38,0.15145525560464393,0.008590177762236388,0.0581255348139671,0.0021148162938925924,0.008069868419476517,0.008228764223259848,0.012988214782932083,0.005303998370838712,0.0054146750654040805,0.0021454196304601584,0.04493633911397282,0.005425932970435136,0.09981406129797009,0.012036839036894294,0.0077529609818224625,0.39236758898841456,0.14956753152436958,0.008286637141798234,0.009614085270797717,0.007761298706413709
39,0.2268048317793718,0.023198826660223593,0.007808605150706137,0.01877283992445652,0.006564148263209948,0.29376193916466775,0.01184758181909655,0.015595920234845876,0.022163644475303494,0.008517470857227216,0.007760565021161183,0.025248524161041026,0.013280963093992114,0.014037392917219095,0.12947721662421535,0.11985260483254583,0.006711323664483063,0.01261398446217154,0.007959208358663173,0.02802240853539884
40,0.004959436115651543,0.26547271587591037,0.006664849442614096,0.002528981996261295,0.0062920623046511266,0.0037287820487836272,0.0182747384668689,0.013861001886770646,0.04047687842234151,0.008838899289119774,0.008771803156126393,0.14339223844593035,0.013401747348860214,0.1888045493646288,0.004764948424367022,0.09249182587870988,0.15210378919230938,0.005119161479256436,0.008024118020256795,0.012027472840581841
41,0.12673860305060633,0.20739247749830253,4.049877669352363e-4,0.006064682843732826,0.00820485510076246,0.06132283093739469,0.003849530085019178,0.007474006589639794,0.00787933629679782,0.0034254524548585617,0.004060401468737274,0.016354767960937246,0.002487390363843334,0.15585168609093744,0.001510604601568043,0.18479614982547463,0.18648586095778066,0.0048217240856215,0.0075205855590176444,0.003354066462032794
42,0.02911598601689567,0.13612518010785024,0.12376631959327235,0.009533422769009358,0.012712512861329866,0.3748573717669463,0.018747199890925232,0.0045078597123296565,0.022251908751759645,0.010069511658944789,0.03523234491485723,0.015292133612675387,0.033060119803015695,0.08192694124951432,0.012631890660724402,0.006853156165191994,0.013517983342652126,0.016231449607513833,0.02109076086927305,0.022475946645318882
43,0.015728706497598763,0.027822077819224925,0.0032153331000417933,0.014510334945044044,0.013807216572598275,0.00843504065328768,0.06198988178738314,0.009454076506780772,0.10918972175676825,0.004996329639120786,0.0711984511819624,0.05245285638991817,0.007791617841337155,0.1193648113484017,0.3604218907311715,0.03463716695294683,0.010839335049992904,0.03913512559337582,0.021129581247944323,0.013880444385100745
44,0.01609743378563827,0.01294723653950291,0.015043319505259983,0.008682863383305114,0.025658806349925456,0.015462908797695693,0.16952509109552444,0.012464464739991746,0.054134992597506496,0.02072146451220293,0.019728233243380692,0.006400540275933312,0.0457278236784309,0.45941809017365237,0.015067389752419268,0.00928502101576305,0.025745906787445136,0.014662305389157899,0.014749232042052564,0.038476876335211706
45,0.037320284777660084,0.23992411208420117,0.004458227081849839,0.02871400208842961,0.006543150432314437,0.22221341859345897,0.005837042205305157,0.008940150999596509,0.013690795343216319,0.002827510931393827,0.011039315846487525,0.1018599947529107,0.002982383943154872,0.02399855782726148,0.03436773387221592,0.10228150400358527,0.09920152293365384,0.042960048585013115,0.004064061592223904,0.006776182106067462
46,0.039456366211869924,0.01192488455217027,0.007210993537714976,0.001644501358642525,0.21739623171528644,0.012922312974399303,0.0032895658646624063,0.0037519265292904934,0.005885484934818171,0.16592957300301286,0.2612551975667297,0.007411580632733641,0.19028222739293424,0.03571049149165241,0.0038335214919828775,0.0036355445366402553,0.0065709253628863755,0.010228009673709943,0.005092957185415931,0.006567703983447199
47,0.05843843280676237,0.0662139196467361,0.0025543459724352707,0.04400922455772038,0.001921893373295081,0.0018722965765123759,0.02862792411710466,0.00432066438827023,0.04568414844744515,0.008052021366652385,0.04563675731519677,0.05527928186231193,0.0017873295670849181,0.04150187001429923,0.3795918958819853,0.04578424907889245,0.050511209111480555,0.043302934849092034,0.030748852337746657,0.04416074872897624
48,0.13742662821102822,0.010734836055220949,0.011153332804181047,0.005438606722282722,0.01464708966988791,0.02732598512482972,0.0734097424804342,0.009470836759354225,0.015256189302754823,0.007045504091353391,0.02934392078025081,0.006292352651559465,0.11268071133250303,0.21269421940472943,0.20027910747603364,0.006421220493122435,0.02537022348718282,0.009644122779916449,0.014833481059759237,0.07053188931361554
49,0.04046712169383853,0.07299455961962141,0.20302144076742001,0.1399037023792758,0.0037806179202698018,0.019613932554815406,0.1349158173796679,0.00617320682586236,0.010235540524318973,0.009560288460137178,0.009947505681631661,0.19290295373720637,0.01354242824858028,0.031255520457591,0.008456175272085094,0.003260087634117486,0.010697200619102534,0.016252910942299293,0.010460405884087242,0.06255858339807158
50,0.030768367809035625,0.007041921783750295,0.00964162481350961,0.0038851519062928974,0.027300609796158237,0.08598997062923155,0.0374244947180604,0.007219101868318761,0.021482018923037006,0.012801651574222752,0.04176721323239697,0.009902486545504827,0.21176019348993838,0.12263641409812923,0.02208151550616282,5.750491735094358e-4,0.16024757047085356,0.12604407278721294,0.05572121649999554,0.005709354374679141
51,0.07161856610184879,0.0429689056758828,0.030646499803052958,0.028167124902390952,0.002230606773891681,0.32023044608648443,0.002758314198753913,0.001256593407335367,0.005676861724192448,0.004139451060387702,0.03788398295268104,0.05880754543927615,0.003889090322569808,0.08804872714821553,0.07605566317152197,0.1202067161766831,0.012098341969183685,0.005206035957030794,0.03312924662677189,0.054981280501844906
52,0.005233623316300388,0.030261818522917542,0.004008820768010211,0.12815025710857597,0.004882514670186773,0.005820212923602974,0.002104341058910898,0.014369798203288561,0.1418822237394855,0.017777356551979272,0.09221375044318936,0.009331609964347624,0.00907944427892975,0.10672018837040684,0.3632816191810504,0.0077789090483142646,0.02988244464490042,0.017582971698406506,0.0050815077036343624,0.0045565878035624015
53,0.007365436803028426,0.14441144940091794,5.23609358865676e-4,0.006370525569561897,0.24404150285804951,0.012448984472987234,0.0069334068506275775,0.008773131054908035,0.007318224232797067,0.23194184240195662,0.04822470944794435,0.01596539255472135,0.014136151023573216,0.008620260275948121,0.003814555052003458,0.00481755799114608,0.009561624765800664,0.003994256589704605,0.006451293431179162,0.21428608586427894
54,0.03893073552240592,0.08473461720518363,0.0013641119239365344,5.104861280015119e-4,0.0016291465876883612,0.03433994845746633,5.953479728455693e-4,0.11067229905395316,0.007563813381725404,0.0021308770185559825,0.1888645775843126,0.14899753158733012,0.03157894438637332,0.020716776495284698,0.006250891234384176,0.021984694423417616,0.235250115625936,0.05955703899011891,0.0018444227537683276,0.0024836236673117986
55,0.0769839371092871,0.10741348295925185,0.0014145449835170877,3.700598362819057e-4,0.002320011073122596,0.0018371400794250671,0.02245396505705293,0.016097552222673946,0.021180550846942755,0.05375886228630178,0.003472374376061029,0.029996070810754942,6.34732076626649e-4,0.05659974260751053,0.30839137509711245,0.07069733813230904,0.08497348536693185,0.016560070380077133,0.017098274354570328,0.107746430344189
56,0.012860276767097634,0.011403517312520414,0.003986712625661383,0.008189546597005406,0.06802400388278719,0.014005398489417889,0.10342526803746367,0.04423141749453304,0.019144650346283265,0.15501966010756144,0.012493033754692828,0.00993607152076522,0.36764196602669474,0.026990023938007483,0.0069388999654279295,0.010237273598032264,0.07435353011476291,0.008901973784853795,0.021608954050442067,0.02060782158598945
57,0.05225657532725277,0.06418354449316577,0.006287020701648903,0.0022532193708952567,0.061101003506919195,0.01639455087177157,0.009935830213614766,0.20679210441800225,0.015325506124611359,0.06536825285309696,0.05400191002445878,0.012793112617979866,0.00592926790655837,0.07714115413000178,0.01297594912861921,0.024216141137642273,0.009847364623674453,0.28003843103270326,0.015676824208451783,0.007482237308931378
58,0.0035014917840996,0.010228179754405299,0.004827803654775713,0.001962432971395209,0.007141089938308489,0.004383737848306123,0.02996554502517754,0.10765033973771206,0.2125791541106215,0.2765340876147913,0.043901369354729804,0.24501830660263219,0.0066705254436128705,0.00891944461721971,0.007037762228632533,7.177918404107238e-4,0.004143071299470299,0.011357702394298331,0.00903028614414054,0.004429877635260086
59,0.07451629874902166,0.0034266069053512215,0.10757052503460192,0.13299869473336826,0.01023009013136587,0.0030816490418899348,0.011551927378977664,0.0035717624365579894,0.15457551893829294,0.0034129549413876243,0.006878566970020052,0.14787009441439924,0.019095239684808422,0.0148706692600692,0.19503518034012982,0.019777539220152247,0.06374463432447167,0.0021864589124031414,0.006743130510830697,0.01886245807190051
60,0.0032823712540236546,0.004362642112612429,0.002498550422089603,3.869721746326262e-4,0.14031491093950396,0.0017915071528510197,0.031807494404083016,0.048512636315517645,0.003225160199854843,0.36895025063390546,0.06673622099740115,0.0023326062864247755,8.606199618593071e-4,0.0013516427055674097,0.0012866412634408941,0.026544671852288013,0.08873750166883797,0.017799870989806676,0.1845896530795845,0.004628075585715125
61,0.06161778842371115,0.08086966343978283,0.0014914041035831535,0.0035343580400301732,0.05777863628858355,0.0024588561832645317,0.006196422114626626,0.004531333120096932,7.635780594285813e-4,0.11009541967882686,0.2027046562014984,0.0032346022528167637,0.008283172727407145,0.0032856448008880676,0.00941297472549743,0.029870809832316176,0.04305076718373113,0.008936854977422125,0.26089588538149655,0.1009871724649918
62,0.1701859368120711,0.10549042247522242,0.0020574874171835423,0.011420561153586558,0.012325013140952287,0.08662558360190675,0.027650251344439124,6.473930225412323e-4,0.06197003545875269,0.06653608742724275,0.02443685559596493,0.030689487970776513,0.0021603970369374406,0.017561073609349474,0.044406065518597854,0.10163946629036545,0.019866483393431215,0.0013550305474637641,0.0980453984902436,0.11493096969297134
63,0.22847086527782445,0.005588051069107625,0.1401780057353154,0.28303126183750427,0.010701151456666115,0.014824442603313287,0.006038944032863943,0.006023750516109531,0.006277873817055452,0.06468925046113785,0.01292535048825986,0.1199238539733952,0.010159151320600395,0.013357339681950135,0.005679389828692418,0.0022608312299671283,0.04365653514783952,0.0035364958603955076,0.01503618495481985,0.007641270707182107
64,0.040545717596515006,0.20135271583405134,0.0021933494424290568,0.001969110015972212,0.38346827484551704,0.0063539777150587945,0.004618367356268624,0.006611687012431278,0.010609130302699842,0.0388333678209146,0.03009618055875652,0.021595656959281295,0.0021173396652862005,0.005061122963947752,0.001544474016743832,0.012081870442253513,0.04280650701481594,0.0015188176790811023,0.028218591247631687,0.1584037415103443
65,0.06692564437493577,0.16367008909281694,0.006627327785483035,0.0016595713877627434,0.005184832640120597,0.029726325813000797,0.0023817125173748173,0.0017850154203240735,0.004439128100822256,0.0043353671260150895,0.2463154210969357,0.012436915938570057,0.04037016489199864,0.060545782390756385,0.0011729536556225346,0.2152060124496666,0.015669631455680868,0.07997025041681183,0.01810825697918891,0.023469596466112345
66,0.06287568065158462,0.26728487120370364,0.0054008565860364415,0.030259755460555027,0.002675095328336477,0.037103712045944155,0.0014774884061047179,0.002818180835276282,0.004730399974953805,0.018836997304298008,0.23104705183459195,0.0015564897428387682,0.1068428790868462,8.759373022614709e-4,0.001847772572054888,0.005851541360674834,0.1357941938676367,0.0767202381502946,0.004418110808172702,0.001582747477834713
67,0.13524178810027965,0.014555070192693819,0.00611998402412205,0.008692795443154306,0.03194635677878595,0.012405699960369766,0.1431266626010228,0.12668134852504082,0.027373490573699307,0.012050272747343098,0.008675687626679106,0.01101678333231836,0.26392078077997094,0.005713157857367636,0.14091411667817805,0.016012135794192216,0.009246323730689161,0.003464426475921206,0.011344559331212645,0.011498559446959076
68,0.0030203490854058715,0.013058496547256663,0.005298723105798378,0.035481600668157316,0.26672599958605964,0.014433559461476503,0.017778877830967457,0.081919545656854,0.15283457648471493,0.29388496736741104,0.009492706308137125,0.00474123035481158,0.03966011994827806,0.004611279395707522,0.003408742027128435,0.011273127065730354,0.012680284228736498,0.00505482039407164,0.013445763404846753,0.011195231078450274
69,0.060800880509768146,0.14418592819555207,0.01150054587668699,0.03570948344338445,0.010045720993343483,0.02653832751403117,0.05544306196672997,0.023213044538487528,0.04181074116342684,0.03307644085693019,0.03297977434864359,0.09321822541583914,0.003492738988711757,0.018516871085115766,0.3142052167365766,0.048469880402833475,0.023919544967168097,0.012510555391835697,0.002713404869783081,0.007649612735152026
70,0.025772967748616673,0.028546173035935176,0.0037781139961989476,0.005574937647887625,0.04654229309153128,0.01584886319459217,0.33258607726724276,0.02367572260268311,0.0056144052328460795,0.018845151910776445,0.010932202022470586,0.0166641542027081,0.0036030523279401887,0.00869942670181659,0.021100290896668972,0.36478808548379693,0.01808769805101863,0.010316145094622798,0.01593142410422739,0.023092815386419597
71,0.028735715541277757,0.047534379361221124,0.022769893170990672,0.006375083121714018,0.009896397711008089,0.0207311835945873,0.009592250192397163,0.015117283343258979,0.02479803087573108,0.030619643902831884,0.02501923380651621,0.07950306988364217,0.6047325161131512,0.006764239532192285,0.002028615700289082,0.008589803363115486,0.002797595781518856,0.013623423081479685,0.022319117574754802,0.018452524348322244
72,0.019631953296332664,0.05433815718218572,0.005473871922228168,2.2815585051966513e-4,0.00999952292511523,0.006406778675280158,0.0025119418967107406,0.05613111742881409,0.004800205273731695,0.04881919550366347,0.006212000556155131,0.4528872421264012,0.002478224065606853,0.004428052984169461,0.0025775174055151545,0.10484422497177989,0.19800484814710512,0.003942321501589188,0.01264079733254151,0.0036438709545548
73,0.1615505769973507,0.14053834977171004,0.0841153281324527,4.4412363917071184e-4,0.028896435424206352,0.12590974134705757,0.007510478421668982,0.006304102102434831,0.007869142834049573,0.061054079377263655,0.006201321336429565,0.003969614797145283,0.13431982626744302,0.007739233491391623,0.002426034468645703,0.05127478243740014,8.348299350133729e-4,0.14917150123353712,0.012609248013811868,0.0072612499718171615
74,0.23305531237217575,0.01656461552093633,0.18143014727912146,0.3118674299081472,0.008344759311872252,0.047332976658912264,0.009696997422663852,0.005530284619253979,0.046224475591650216,0.012356132763967905,0.014029264009696096,0.0064031003202605135,0.01985321389138021,0.017949212844267072,0.005957673645148756,0.0016859911793323937,0.012805631619882485,0.011457070962968826,0.018002213519269467,0.019453496559092974
75,0.06303722839693758,0.027242824280253684,0.012543630749694544,0.05112481711366537,0.004266142718539355,0.011809834621667953,0.017169120226197678,6.972094127992486e-4,0.04262862011633164,0.0045569813244128714,0.11065944462080045,0.008646568383121587,0.029588418430075564,0.2035210091500488,0.03390178083840739,0.27203779049061155,0.06815314683779612,0.02493302978223143,0.0039039975244201013,0.009578404981987025
76,0.08513267052331772,0.20251200092566377,0.0735535359472692,0.004640602937377055,0.012577886585254766,0.006479108878610245,0.0017216407176675137,0.017897477859598058,0.008548430628862931,0.016849578486110215,0.12109260913531521,0.004206040502954374,0.011546873196983836,0.007179448222965988,0.14083142856316752,0.012199787612685403,0.01031217404287578,0.07668240132411092,0.17878423019830866,0.007252073710900868
77,0.15076016111316146,0.060631514044010765,0.21257798052852883,0.0042153339494557795,0.008554784878396308,0.2321713229010027,0.011777058375125342,0.01603799479022967,0.006279974659449418,0.012473144352898856,0.013964252256921354,0.0027522023510341462,0.012900175329151352,0.0133816121463457,0.11150593020807835,0.0040240559257708145,0.014282229447394696,0.017258346444862845,0.08997213698972892,0.004479789308452617
78,0.0012347164093998095,0.01996351909035577,0.008420767556636984,0.00434789271352752,0.18967598408494496,0.006588494755028316,0.09373075214292388,0.0033227059805974184,0.005733402833717511,0.1406693974106021,0.22928610979862588,0.06769288647065558,0.005510313758704762,0.038006071843487706,0.0015713332927083602,0.0678287273250233,0.006207953819940306,0.007683597399756191,0.002172753813644168,0.10035261949971948
79,0.01226744042679874,0.01163362797893061,0.008069355910206969,0.0035111119469486422,0.009515183461708848,0.21768605157167817,0.008211530167494584,0.09530908796824594,0.01033244788043831,0.007902389113200268,0.009703149542542571,0.18076611709603588,0.01074990935184159,0.00580040214000422,0.022007880015874684,0.23242040918361104,0.12000671243202278,0.007826913643373417,0.015736569218413505,0.010543710950629316
80,0.040477348341406684,0.0020355957418095815,0.145467033364307,0.08227178274813075,0.003872178990873312,0.20290153461395785,0.10102816492310532,0.07178150365778248,0.010745660064016584,0.003578857737284711,0.009672421168135468,0.11429850604581533,0.01092302641614798,0.0055421104177301615,0.10500833229825875,0.006108674131103927,0.005944964069296263,0.010508069857417835,0.007757208501393691,0.06007702691202632
81,0.007751052606193588,0.012797197197806962,0.009541391740900415,0.015378341544231598,0.009700079740318042,0.01098776480908035,0.01832209330546864,0.05464739848112928,0.010330839855598125,0.02084604616811532,0.016552798950549844,0.020337174186461943,0.026458957199881464,0.0016718708672285394,0.3553761984986395,0.009086016757242276,0.018950304762111278,0.03716049831882578,0.3315701323123154,0.012533842697901624
82,0.011952348820176647,0.28447176632826143,0.008099074945641728,0.004360731583134603,0.001953461507310677,0.004807126443554518,0.005479228603133773,0.2436942425760198,0.007221816708009229,0.04066847031077065,0.11724791688184229,0.0014311352665909202,0.004922192677513675,0.007699871074271632,0.00387098062503211,0.019302175922716876,0.010667063615718403,0.14029806524980418,0.07554355514271563,0.006308775717781195
83,0.22548624799232742,0.007905413825795697,0.013034119730576915,0.2317369127854583,0.006084423114806803,0.01967586350031951,0.13165766841362397,0.002460493002475394,0.014747207806394592,0.004231206226509959,0.011071201997386888,0.009253609825190438,0.013725650329777963,0.017599913430510317,0.013308702810091166,0.014139134662595046,0.2045312917776409,0.009591871314342656,0.0381299071146881,0.011629160339487918
84,0.014793364230725296,0.011062608531271681,0.001929753277287171,0.13870192640678428,0.012724267043119788,0.003697854028327134,0.18284415024992365,0.009127021114547388,0.07850700134915031,0.1350492546167997,0.0040373944755589565,0.00972294036623461,0.13057259708172766,0.22031162952091005,0.002987225580414105,0.0020621758179446624,0.015631263810211977,0.0087984288963852,0.00873040674560723,0.008708736857069091
85,0.00479236898088124,0.018624361010888428,0.01122625094977785,0.00860233329051377,0.4322214687443638,0.0038304369768883133,0.010872716697323072,0.05113749065749951,0.008966608122478924,0.20657381468682595,0.009997643234529925,0.1467569841474319,0.028445121898147952,0.009062670450397332,0.0028206989822505205,0.0016891703413066796,0.011040803375653014,0.009233354453479474,0.01372027311060134,0.01038542988876101
86,0.0054727288542373775,0.012585716738571203,0.002794501050134276,0.005902917547161747,0.005066850795391979,0.016063538270624116,0.005732184663822531,0.2455861416841282,0.002141986241217176,0.013547401862424433,0.011187559073655496,0.0729141825274503,0.07783425799557622,0.05693685691760927,0.0022743178078474674,0.02161584587693223,0.25106550158858393,0.006768274280967018,0.01633676341939059,0.16817247280427444
87,0.012717909459002386,0.010138067869231568,0.013178195076235626,0.014161552672714874,0.012359610827506862,0.01945192281609897,0.01637795847539634,0.24129558693707032,0.007264992925904936,0.006482983383110005,0.2054318549757406,0.007284922099492138,0.016471549666069982,0.007070697873027424,0.007831458482028134,0.012369218233823736,0.010421979926768951,0.0038102017888184798,0.31416334657935063,0.061715989932608004
88,0.005155219806821374,0.08567588012567143,0.2679220363331639,0.005105415544992527,0.01374009303005753,0.3116162498047446,0.012353832492765861,0.006858374165658284,0.010728324477571488,0.009632451301635427,0.013370971727418433,0.015651522741623843,0.010290812757402632,0.014931377502533226,0.014104810206610334,0.008026557201646535,0.014702253438507042,0.08100184158829597,0.08693332101127135,0.012198654741608118
89,0.013027568588693335,0.021184419899589507,0.018771850793958603,0.004656825431012288,0.015387571020626118,0.022295019158998373,0.20288865090660907,0.01089525166010084,0.08403134444203056,0.02388410727069851,0.02019037726754989,0.375568653176761,0.03471613661522199,0.013776694478204747,0.011114231358185636,0.03674509061777017,0.03268627771092961,0.01785913972406277,0.029740030468362908,0.01058075941063397
90,0.024569194759590313,0.01675087572863017,0.002213780261082438,0.009507676135506451,0.048664630196113265,0.007981552428456684,0.0033638609358839565,0.006231753957335915,0.0066784374278799265,0.006493621282137694,0.008897291284370579,0.009104270078691771,0.23174082738067356,0.00651904888571068,0.0030529784687345087,0.1666271355075719,0.38160283915181,0.012564953864717189,0.015810880863041502,0.03162439140206142
91,0.2487740099230823,0.016904585397506795,0.017033961215907445,0.0013924834828839112,0.008313639375941642,0.005941066627033615,0.0037683339986237857,0.1435096133018069,0.011607307437025037,0.006629273281531323,0.012179946700959699,0.022495127922397322,0.007118694923780766,0.0075135510623757186,0.008308014953989808,0.22700876168315479,0.17930232804962498,0.008838254698865948,0.006428572291634768,0.056932473671873485
92,0.0057285179780465125,0.03309589552466813,0.0018698176061403176,6.982013755744446e-4,0.14265176681881392,0.011502496954582787,0.04204582267825258,0.12898957907136988,0.01158459768456644,0.036601296057627755,0.08852323477965349,0.09743869257972543,0.007256206827532762,0.005840251005438439,0.003312430103912509,0.12822943497479722,0.006637310333629007,0.23630440720146378,0.005652897435343906,0.006037143008860744
93,0.028735804090678014,0.008289868014905534,0.06181410875517665,0.009518567449811874,0.018256820013423106,0.01940690159842382,0.08251985267267692,0.022225766336175776,0.009706097755712134,0.019255980240449205,0.023596945239688336,0.14658483338317513,0.022013003691177993,0.01803957675573748,0.011198088674493373,0.0034172415172087256,0.43096177956819176,0.012681005592948772,0.03841176494799854,0.013365993701946773
94,0.028908414519163192,0.019623681197184932,0.0034444316554904657,0.0023253194750150257,0.005287675429208857,0.00854259318060745,0.002524176088418991,0.011201284442156083,0.03288310397295514,0.01313454195172849,0.19672533670179965,0.021281287560723477,0.1483101239603524,0.013368506339698823,0.00517815901493658,0.1563438198252992,0.23064495108462396,0.010275602400424052,0.009546841559091076,0.08045014964112208
95,0.0082326527806646,0.014751526685051879,0.010947512404992851,0.1569220224729186,0.00909876262075242,0.008327684582293566,0.1575624470952572,0.0036944490036486775,0.25262132875926646,0.008138523187227548,0.007783551252899037,0.005033776947575784,0.006066699764432258,0.28344422838488165,0.0035721087515303415,0.008070809112675718,0.01663341917780841,0.013134959868260245,0.019021396548305175,0.006942140599557529
96,0.16451556415655091,0.007222874562648349,0.05038260871127641,0.24056055758655162,0.011458816530578265,0.2241661323216495,0.00663211316385843,0.017947645269081464,0.1511962205519447,0.011140078245458445,0.012035373178605318,0.0026044751152694175,0.020596623568267795,0.012122685332129592,0.0175801437338157,0.005935515715106768,0.018401402162012685,0.003536807669276237,0.014664699838563873,0.007299662587354604
