site,A,C,D,E,F,G,H,I,K,L,M,N,P,Q,R,S,T,V,W,Y
1,0.158465177,0.004174396,0.022139817,0.229210336,0.020274443,0.362868654,0.006371511,0.004072082,0.01768075,0.002983325,0.009314789,0.022637321,0.00705445,0.005747833,0.004992437,0.007799391,0.007717098,0.007224414,0.09597832,0.003293458
2,0.063198422,0.0479164,0.037590628,0.044111675,0.006113305,0.03271373,0.058587817,0.048819851,0.009483781,0.057233104,0.087275748,0.033792622,0.053604742,0.069614695,0.101230795,0.065027224,0.084095853,0.076476974,0.018341402,0.00477123
3,0.049547563,0.030379175,0.049280198,0.069422802,0.00580437,0.075812166,0.04510983,0.060379611,0.038877074,0.064216427,0.037993375,0.071735055,0.044569266,0.061671923,0.042922295,0.044904505,0.056604504,0.070650861,0.020557507,0.059561494
4,0.075486641,0.047731325,0.020465004,0.057390914,0.035598781,0.009665326,0.049306295,0.020638494,0.097320194,0.047677944,0.058543803,0.054307847,0.062361713,0.096504842,0.048633002,0.083603491,0.033522867,0.012892862,0.034303556,0.054045099
5,0.098389408,0.041324211,0.022183067,0.034029848,0.044483955,0.082676242,0.058003856,0.054304112,0.029580439,0.04508391,0.034946417,0.069728406,0.024380376,0.011516877,0.023056534,0.132681226,0.06678332,0.048986581,0.028702483,0.049158734
6,0.042583522,0.059198553,0.100154654,0.059817193,0.05256708,0.063542846,0.047978118,0.035721232,0.029244032,0.065553351,0.051612689,0.050253518,0.068208659,0.015791914,0.046368795,0.046902885,0.053964996,0.037288904,0.034167452,0.039079608
7,0.058049346,0.064709561,0.096589145,0.05238703,0.050903907,0.07487911,0.065275669,0.019425953,0.036405467,0.023895536,0.092982199,0.055924394,0.037340946,0.052527448,0.040513624,0.011023129,0.069690602,0.022916209,0.023882358,0.050678368
8,0.056643708,0.037841962,0.101474102,0.04250918,0.026000713,0.023705108,0.051090601,0.010433752,0.068643125,0.040233155,0.077273897,0.047626582,0.050675795,0.120958021,0.062501089,0.093445525,0.045264341,0.009343093,0.006567639,0.02776861
9,0.065394157,0.292309001,0.016515289,0.019917202,0.012544418,0.202305056,0.009185347,0.002174147,0.004015885,0.002009819,0.010493288,0.003843592,0.081967511,0.018011893,0.001163616,0.079102391,0.065523826,0.041264156,0.001008867,0.071250541
10,0.019200777,0.041154166,0.005685274,0.002801861,0.018403313,0.002926783,0.00909894,0.079871802,0.004205971,0.108145735,0.075646886,0.053702418,0.002669115,0.001668341,6.04E-04,0.118140595,0.00197149,0.451230089,0.001518392,0.001354419
11,0.04241857,0.079142669,0.037221715,0.054297389,0.086180498,0.011930119,0.0864637,0.003251419,0.030256995,0.101225803,0.070463071,0.071553057,4.30E-04,0.082766299,0.032496302,0.02757359,0.038045648,0.015607747,0.103530804,0.0251449
12,0.107493406,0.223998374,0.001605869,5.51E-04,0.002152273,3.02E-04,0.010359639,0.228025525,6.77E-04,0.011218623,0.030692344,5.28E-04,0.004981287,9.54E-04,0.037108304,0.042224139,0.221705117,0.030558704,0.042409161,0.002454676
13,0.108912913,0.08821212,0.006525225,0.006041339,0.001408333,0.036072651,0.156138261,0.001403981,0.001009019,0.001270201,0.010951657,0.202606801,0.002361457,0.152086781,4.49E-04,0.190205828,0.008719413,0.018261252,0.00521486,0.002149206
14,0.102767281,0.132098305,0.02761328,0.00140529,0.010307744,0.203255148,5.64E-04,0.012743018,0.019906784,6.04E-04,0.074366805,0.021263269,0.117166814,0.068237303,4.60E-04,0.149022553,0.035143725,0.007035214,6.95E-04,0.015344144
15,0.001386532,0.034222493,7.86E-04,6.48E-04,0.041623334,6.34E-04,0.069526175,0.008969424,0.001972896,0.204977503,0.067001819,0.002082224,0.001274295,9.26E-04,0.003815279,9.01E-04,0.00104664,0.002896739,0.090736527,0.464574378
16,0.012107693,0.048862771,0.003300658,0.006462918,0.014262724,0.004400207,0.011631791,0.030980351,0.487024185,0.004002027,0.036967134,0.00192784,0.001963994,0.0361525,0.176305921,0.009357194,0.089487263,0.015704688,0.00502019,0.004077948
17,0.004650007,0.076006198,0.005028609,0.003071687,0.003807364,0.042591207,0.002961282,0.461857259,0.001783258,0.159411923,0.062649752,0.003154608,0.001638827,0.011564032,8.05E-04,0.001861188,0.00283835,0.066735772,0.086394624,0.001189355
18,0.006034941,0.208049147,0.001293981,0.003373893,0.019832651,0.003913786,0.001266888,0.253642587,0.007813484,0.124538856,0.130384558,0.003240582,0.002314274,0.005082959,7.56E-04,0.004338224,0.160486365,0.049314734,0.014013866,3.09E-04
19,0.077779284,0.174522327,0.076358961,0.001380617,0.001349797,0.001471094,0.01757716,0.023794227,0.018408224,0.044629054,0.00193949,0.056248954,0.235966694,0.002053365,0.002394715,0.028439882,0.042906552,0.167649622,0.001314867,0.023815114
20,0.014244712,0.067692684,0.003242263,0.001610518,0.022358388,8.56E-04,0.248539157,0.001849479,0.069121651,0.04128081,0.019281873,0.002523543,0.011771125,0.013987215,0.071041458,0.002879839,0.001609145,0.005445304,0.090838225,0.30982656
21,0.059104708,0.013077463,0.010597375,0.009669809,0.003495505,0.017094953,0.255852333,0.006998616,0.026107229,0.004852887,0.006237677,0.042588958,0.086791504,0.110171459,0.00693848,0.008516886,0.017217805,0.009067519,0.005182356,0.300436477
22,0.002858204,0.034540173,0.00316815,0.009603881,0.005726938,0.013568186,0.012640952,0.059582999,0.12024067,0.06907641,0.217843567,0.061932885,0.073768458,0.11916496,0.119463191,0.017884066,0.037633961,0.012118139,0.002180927,0.007003284
23,0.187375063,0.054942746,0.068645151,0.023054869,0.02626,0.105865064,0.002899318,0.009006092,0.009073235,0.006166256,0.012977149,0.004285662,0.085999308,0.01183119,0.003631227,0.296214827,0.002203558,0.004534442,0.006016399,0.079018446
24,0.040203973,0.107228779,0.006220765,0.04036821,0.001240137,0.067223506,0.067478766,0.008853582,0.071081383,0.027511285,0.026320808,0.184788233,0.001011207,0.06536986,0.045730346,0.163611328,0.026431015,0.041482825,9.13E-04,0.006930946
25,0.078085055,0.056267446,0.031727418,0.11708589,0.037574589,0.058171821,0.006443299,0.008709807,0.082844788,0.059507665,0.046338052,0.024047179,0.042523895,0.035012363,0.053276837,0.034835532,0.076700292,0.076607175,0.036140963,0.038099933
26,0.084141345,0.05243255,0.03072497,0.100252833,0.042453995,0.023466516,0.060322255,0.037653183,0.03102042,0.053067194,0.012520506,0.008445048,0.001796071,0.093350794,0.047033191,0.091207688,0.068851252,0.063988432,0.047534207,0.049737551
27,0.004708913,0.009981225,0.290382657,0.08715099,0.014540673,0.017785922,0.011004003,0.003832108,0.017020705,0.020190819,0.058370719,0.020959581,0.017775971,0.013470636,0.028408656,0.015005917,0.019910817,0.266693921,0.012448028,0.07035774
28,0.003903476,0.029395956,0.004476554,0.004311572,0.160103188,0.002762064,0.028570717,0.147953803,0.029046476,0.060444836,0.071520105,0.001348214,0.002296674,0.006776289,0.126647443,0.007846631,0.004291188,0.043829098,0.07498969,0.189486027
29,0.008776051,0.054127534,0.08027238,0.028584742,0.016257622,0.025370537,0.036940626,0.050307391,0.037047014,0.086032236,0.075714828,0.107450144,0.004382027,0.132309291,0.065442289,0.067445369,0.073064767,0.021979941,0.003806934,0.024688277
30,0.061037702,0.064509524,0.014270056,0.034629486,0.011850153,0.02807172,0.247925027,0.001266846,0.081365521,0.003273008,0.040101706,0.030573261,0.001339058,0.126177077,0.042917256,0.088825415,0.079565242,7.35E-04,0.003689743,0.037877201
31,0.102616,0.173123491,9.27E-04,0.001160959,0.039486795,0.001236471,0.017556869,0.067270807,0.074637822,0.030188219,0.197770691,0.002550484,0.001614761,0.005519151,0.020226042,0.002382858,0.016356159,0.232632354,0.002211199,0.010531408
32,0.073713319,0.077684685,0.032608038,0.008623616,0.053065929,0.02745767,0.015244492,0.240665818,0.005052363,0.069942551,0.062022047,0.007793782,8.78E-04,0.011566642,0.002294693,0.001689099,0.007048726,0.047787689,0.024331744,0.230528958
33,0.003751814,0.091648586,0.003954318,0.004110654,0.180675467,0.156759765,0.003048271,0.002799733,0.003505186,0.005942124,0.022224872,0.005840277,0.002866299,0.004955942,0.002862747,0.002340641,0.004380222,0.002953105,0.139301359,0.356078619
34,0.031422017,0.019625235,0.155819885,0.06571348,0.002703939,0.004406849,0.05245821,0.00251841,0.069997299,0.004106025,0.009098818,0.004703244,7.24E-04,0.338049112,0.001361841,0.047769048,0.137701745,0.043850634,0.005170495,0.002799943
35,0.038473435,0.178328456,0.039526171,0.076162698,0.001592053,0.001457334,0.0057913,9.25E-04,0.004013765,0.00176949,0.00453849,0.254244291,8.57E-04,0.075594137,0.002723938,0.296089633,0.006612773,7.25E-04,0.002187152,0.00838794
36,0.085675672,0.032431231,0.055341322,0.086706046,0.082653883,0.025497581,0.037075918,0.051316911,0.067580304,0.060002449,0.068340748,0.027640991,0.069463201,0.029329808,0.031325036,0.008254683,0.027813428,0.05341553,0.047160681,0.05297458
37,0.092048615,0.055832712,0.030137357,0.024123739,0.017228682,0.070419397,0.076476479,0.030207941,0.057817604,0.018298702,0.053286908,0.094571749,0.017263631,0.109577323,0.057078915,0.010202673,0.116919142,0.035876954,0.014716611,0.017914867
38,0.247768594,0.008036851,0.006779687,0.006142408,0.005078746,0.010890678,0.170038518,0.002585584,0.009286369,0.010867202,0.006809326,0.009384302,0.193318137,0.011845966,0.241948837,0.01714794,0.007261664,0.006288118,0.019167181,0.009353891
39,0.010623567,0.014225959,0.252523863,0.069154144,0.019346744,0.260408532,0.008032095,0.024002356,0.005949726,0.002939765,0.011546468,0.26032847,0.013071323,0.006801276,0.003794491,0.004545686,0.006842584,0.013237878,0.003540051,0.009085022
40,0.003149837,0.003511163,0.010558353,0.003827279,0.02370723,0.002407696,0.001181636,0.524597586,0.004614192,0.109790027,0.062944409,0.002653632,0.00555182,0.003597294,0.002951588,0.003545559,0.004045572,0.16717055,0.058885282,0.001309296
41,0.013262533,0.043064982,0.004380993,0.003177289,0.071964617,0.005542834,0.049669826,0.148254268,0.006483957,0.095899935,0.291966316,0.004386196,0.085678887,0.00423101,0.002783744,0.09485203,0.002340572,0.066309127,0.003842854,0.001908029
42,0.021222359,0.204302784,0.004578847,0.091053883,0.02055039,0.094543733,0.00255939,0.219769877,0.015411907,0.090544154,0.005555968,0.001963102,0.009375965,0.006468329,0.004708133,0.003070053,0.00813031,0.183989378,0.004337745,0.007863694
43,0.429362225,0.184735343,0.003291938,0.002405582,0.005995563,0.004544005,0.071650259,0.066455519,0.006996821,0.00190314,0.006794531,0.003875797,0.002097236,0.002844262,0.00218764,0.075936882,0.113600297,0.001991307,0.002264023,0.011067629
44,0.135403016,0.06465743,0.009046091,0.096556465,0.024166333,0.07765188,0.079560507,0.019552571,0.012976399,0.011300007,0.10957264,0.099750198,2.33E-04,0.090023399,0.016904173,0.012428002,0.094850182,0.015483289,0.015602742,0.014281421
45,0.132291342,0.087113243,0.001797144,0.008272068,0.040466683,0.027160216,0.04891484,0.078860046,0.003343552,0.027358574,0.068765528,0.055398311,0.004255587,0.07946188,0.02339641,0.103314411,0.027365575,0.101410726,0.061331986,0.019721878
46,0.081260221,0.070800156,0.054313054,0.073813681,0.047249493,0.065391118,0.009771155,0.047220874,0.061172237,0.009084669,0.077470957,0.081635059,0.009024901,0.065891795,0.062649598,0.076258393,0.008696157,0.031866158,0.025050868,0.041379459
47,0.009461953,0.079816019,0.002492304,0.04173699,0.00492659,0.041524365,0.082465154,0.025054241,0.091394351,0.008885766,0.077635756,0.061281834,1.56E-04,0.078103633,0.072073395,0.121737247,0.067362688,0.040062146,0.045898665,0.047931195
48,0.080929115,0.051594813,0.102901883,0.065104777,0.091974436,0.04768471,0.070290507,2.83E-04,0.010479289,0.009679204,0.064455427,0.057734796,2.47E-04,0.013570851,3.37E-04,0.041750562,0.001016288,1.92E-04,0.111296684,0.178476905
49,0.008290658,0.077017783,0.244019551,0.00915487,0.01185631,0.282021965,0.012472202,0.007319801,0.060196553,0.189173985,0.015192658,0.007378484,0.008857177,0.008786726,0.006620361,0.010353937,0.013546642,0.006411693,0.009520691,0.011807954
50,0.042193726,0.01109482,0.056995103,0.057004002,0.066469407,0.059097471,0.049431842,0.040425588,0.036690481,0.039829152,0.061945534,0.061615424,0.071920725,0.056404012,0.025576805,0.096086404,0.064659119,0.051027628,0.022643957,0.0288888
51,0.039349206,0.022206833,0.127263569,0.122592994,0.007551665,0.006851233,0.178771018,0.005400419,0.00358412,0.003743174,0.168902849,0.127255683,0.003611142,0.029141872,0.001284818,0.02933309,0.088733583,0.024121248,0.005569709,0.004731774
52,0.022557595,0.029134517,0.010439803,0.060247061,0.048149727,0.012359395,0.073836239,0.116568341,0.080372988,0.048012771,0.031847698,0.096596626,0.009113065,0.103574224,0.009589794,0.040818757,0.011025071,0.114182617,0.028833647,0.052740062
53,0.001708343,0.001246699,0.00476371,0.002196342,0.046332952,0.002481823,0.004968011,0.089340053,0.002084209,0.063830681,0.051143581,0.034400197,0.00154471,0.001219443,0.001538145,0.002733901,0.097866534,0.58610553,0.00259079,0.001904348
54,0.124495768,0.004197403,0.010887366,0.002807301,0.008241522,0.018977773,0.006703149,0.007829665,0.007379004,0.004171058,0.002741068,0.004370424,0.008789528,0.003993186,0.016540058,0.690946182,0.003828512,0.067405513,0.003687357,0.002008163
55,0.042803467,0.082132675,0.005726205,0.001672678,0.023919575,0.035952067,0.160555422,7.98E-04,0.158856438,0.067570867,0.013928748,0.134750175,0.003185514,0.0828041,0.055898331,0.041275398,0.063454914,0.002908863,0.003922509,0.017883972
56,0.009587679,0.451986301,0.008963508,0.008043523,0.00590453,0.00683264,0.002147816,0.004842993,0.005921725,0.003522145,0.008565875,0.006897392,0.008083431,0.005611823,0.335492333,0.00793752,0.006703872,0.033914722,0.075749123,0.003291048
57,0.0674642,0.060621419,0.046765591,0.088132644,0.021251428,0.059588242,0.0665118,0.001374205,0.08367996,0.021738507,0.043714659,0.010910577,0.001001354,0.117365115,0.097138326,0.064259571,0.096726009,0.025266991,2.57E-04,0.026232341
58,0.003334046,0.171167352,0.004658601,0.004450105,0.012888738,0.104582099,0.010364328,0.060647264,0.008458028,0.00653303,0.013265643,0.068327955,0.260649754,0.004999075,0.007092594,0.119342994,0.019626383,0.016409362,0.097732464,0.005470185
59,0.083104734,0.061875218,0.075113844,0.058287993,0.009869355,0.064413642,0.044958541,0.020664899,0.022929276,0.036191806,0.070882773,0.164418531,0.009735059,0.017339205,0.029276949,0.034518844,0.094781462,0.038304496,0.003786387,0.059546985
60,0.094627922,0.058612206,0.053906105,0.039829635,0.046456537,0.018863638,0.086862504,0.010936253,0.026914058,0.040317486,0.058481504,0.09087986,0.006852679,0.053178691,0.055144269,0.084179283,0.011769168,0.065513914,0.028833315,0.067840975
61,0.04288247,0.004854295,0.006442695,0.208755357,0.018421101,0.209943115,0.005960568,0.006291341,0.013744102,0.009715377,0.012053447,0.006809577,0.002780195,0.050895454,0.097665977,0.261126852,0.008159455,0.011294767,0.011420838,0.010783018
62,0.060435852,0.019088352,5.97E-04,0.025972054,7.38E-04,0.003436904,0.001415193,0.438482651,0.001430077,0.083993572,0.132035096,0.042550039,7.70E-04,0.001129722,7.78E-04,0.07002011,0.07074416,0.043386403,0.001895979,0.001100934
63,8.32E-04,0.04831861,0.022709329,0.001501927,0.540543664,0.001312084,0.06599664,9.53E-04,0.001131787,0.010882708,0.00245276,0.001656164,0.001720513,0.003950883,0.001607033,0.001228069,0.00119833,0.001983763,0.201494173,0.08852726
64,0.004169132,0.045582089,0.001260301,0.017738726,0.34956522,5.24E-04,0.07137759,0.020253418,0.00123019,0.040961292,0.009248808,0.056391564,0.001370255,0.011045407,0.00107027,0.00433294,0.001004675,0.008682381,0.307305026,0.046886618
65,0.250323612,0.058849796,0.002879301,0.003506749,0.01338899,0.01266537,0.015029048,0.091721632,0.011050966,0.036414812,0.015338428,0.036890171,0.001132817,0.01079375,0.015682127,0.229263819,0.003874928,0.139163029,0.05025283,0.001777827
66,0.106706682,0.032105589,0.021168129,0.057795349,0.041355088,0.033780778,0.090582397,0.026853105,0.062232032,0.017235687,0.035117228,0.012009392,0.057071178,0.090591557,0.116448716,0.039786625,0.044206416,0.041458221,0.014062056,0.059433775
67,0.102701288,0.034471418,0.005360974,0.021797666,0.018654012,0.09563157,0.209325954,0.003241549,0.063168684,0.003019226,0.007058283,0.070515822,0.002765651,0.034857461,0.071034629,0.080424724,0.151336874,0.004132711,0.004778569,0.015722934
68,0.106427111,7.78E-04,0.049239363,0.038955517,0.017476676,0.00958901,0.117623407,0.009710563,0.039002703,0.089047437,0.013137468,0.052355313,7.15E-04,0.134122727,0.095669244,0.050310172,0.08208331,0.039294215,0.009748296,0.044714892
69,0.106283753,0.064205453,0.048374431,0.018230368,0.014061653,0.113541646,0.080807105,0.002131018,0.069306292,0.036791882,0.070385291,0.1094672,9.47E-04,0.132045369,0.018031297,0.06300347,0.026384905,0.011321026,0.002176829,0.012503677
70,0.066354914,0.105794081,6.38E-04,0.035270079,0.002084009,0.006344846,0.025244432,0.069003132,0.023181322,0.066359282,0.106083847,0.029622057,0.001047092,0.117422504,0.113693475,0.057368618,0.073511684,0.068419646,0.009059434,0.023497293
71,0.061603774,0.074685804,4.79E-04,0.001030252,0.268279152,0.003084383,0.0221631,0.05009831,0.001396052,0.027868909,0.045422158,0.032128068,2.76E-04,0.015294584,4.51E-04,0.073273191,0.021739285,0.042324947,0.160052643,0.098349523
72,0.003955021,0.051341095,0.01309264,7.12E-04,0.276945856,3.21E-04,0.035907969,0.150750478,0.008686753,0.112348512,0.195289004,0.022592529,7.70E-04,0.003336958,0.002977987,4.02E-04,0.005821538,0.072303345,0.017323329,0.025122149
73,0.093803025,0.070584038,0.039156908,0.040109856,0.035196976,0.040694854,0.062449127,0.019580982,0.017750699,0.02184555,0.094003966,0.071818105,0.011761544,0.019821253,0.030800203,0.09226204,0.081088023,0.045771,0.054776152,0.0567257
74,0.120266804,0.223668286,0.028576504,0.001344529,0.020524249,0.00495253,0.003500638,0.35226812,0.003001699,0.014681908,0.010737194,0.001636957,0.002115332,0.034046361,0.002224062,0.003322509,0.10472205,0.062941067,0.002042062,0.003427139
75,0.075337324,0.071824532,0.005981545,0.075921638,0.046363285,0.023980449,0.087352249,0.019910157,0.033445196,0.033139209,0.06264812,0.097193177,0.001255275,0.065377895,0.041884937,0.009065434,0.074844675,0.052330832,0.029499618,0.092644454
76,0.004652439,0.013187057,0.001333445,0.002420168,0.127721122,0.003553339,0.003219434,0.01871399,0.004523132,0.091030822,0.029480347,0.003557848,0.002871341,0.004829662,0.006668409,0.003833305,0.005909871,0.034907813,0.339556505,0.298029953
77,0.108629147,0.128006672,0.053861646,0.086633475,0.003453016,0.083403412,0.048243756,0.001060237,0.004358033,0.010069848,0.041259067,0.089202561,0.006634132,0.113849254,0.029280101,0.01910748,0.151249955,0.001120938,0.01229326,0.00828401
78,0.102278346,0.033779009,0.014641656,0.051151297,0.021616487,0.030362023,0.044787799,0.031013646,0.013704452,0.077512688,0.069003225,0.020420867,0.094021009,0.105093494,0.080442259,0.052521475,0.055755552,0.058351474,0.006370954,0.037172291
79,0.428954039,0.022239896,0.018378628,0.052020694,0.013789225,0.050111402,0.086425241,0.011166999,0.032524068,0.004978,0.005613982,0.01999866,0.158074535,0.037202983,0.010335995,0.022283392,0.006891447,0.00220264,0.013743036,0.003065138
80,0.137686361,0.110585379,0.023268244,0.026430309,0.006986884,0.145199731,0.019572028,0.005688415,0.112963973,0.023175463,0.112020418,0.039161941,0.003746636,0.073322823,0.100489891,0.023440839,0.022936032,0.004479512,0.001928655,0.006916466
81,0.053114549,0.073035051,0.012778701,0.00123416,0.120534399,0.006727709,0.037703646,0.180049337,0.01893614,0.026579105,0.135445056,0.033056931,0.020621681,0.04395951,0.039270794,0.00528114,0.042737726,0.061884191,0.050778246,0.036271927
82,0.094784496,0.09227003,0.013981022,0.016805583,0.053053738,0.008766356,0.085687356,0.010797379,0.025774687,0.072111418,0.037777654,0.018038154,2.28E-04,0.075635808,0.082853671,0.017277641,0.040542549,0.137378461,0.059530163,0.056706042
83,0.088394815,0.015500645,7.11E-04,0.029985781,0.015317974,0.015528815,0.067788186,0.011283598,0.111433946,0.024257088,0.080897731,0.022092736,0.035181605,0.045164724,0.103343582,0.023368532,0.009318539,0.010224701,0.101766231,0.188439748
84,0.007928771,0.191979572,0.001490329,0.04110908,0.001731079,0.002280257,0.001498797,0.436516203,0.01337445,0.019034244,0.052715954,0.00524482,0.001679848,0.002225696,6.11E-04,0.001566853,0.1572791,0.04868714,0.012162586,8.84E-04
85,0.083575109,0.032881262,0.09817351,0.019973762,0.002414591,0.187294311,0.079576051,0.002341542,0.041001203,0.014261397,0.032582064,0.051818482,0.008731517,0.102134867,0.038752508,0.099774035,0.081499641,0.01411995,0.00286412,0.00623008
86,0.015120532,0.0629392,0.030255895,0.039558566,0.00706004,0.133152661,0.022536942,0.001936902,0.161712127,0.006565261,0.03460325,0.064772952,0.073896431,0.145403997,0.079259568,0.083928558,0.022428592,0.007745756,0.002970491,0.004152281
87,0.004766119,0.066389253,0.007366834,0.005549146,0.002830404,0.285862439,0.002038134,0.006604139,0.004113009,9.09E-04,0.005197154,0.151049562,0.005332308,0.060671924,0.029380217,0.060078135,0.294344666,0.001353181,0.002367267,0.003796665
88,0.063850459,0.049867782,0.051040753,0.010457546,0.029883475,0.053539898,0.069080005,0.021381673,0.029034524,0.037412932,0.014114544,0.089275012,0.073434958,0.084479735,0.087157366,0.075786665,0.074807277,0.040765016,0.022807974,0.021822404
89,0.030599392,0.043072997,0.022088335,0.014503414,0.249630285,0.005969573,0.133852117,0.00311654,0.018679496,0.011817064,0.031004869,0.069936872,0.002974143,0.017542315,0.006135892,0.037440734,0.009906978,0.02227488,0.215109618,0.054344486
90,0.020593866,0.015625114,0.005612352,0.005350464,0.236581085,0.059323313,0.246633325,0.022059533,0.022759782,0.011854621,0.026928939,0.026783644,0.004615406,0.024139157,0.002114011,0.068338168,0.014295096,0.007229816,0.007464048,0.171698261
91,0.089647679,0.029063236,0.063402282,0.146798562,0.014333748,0.075018913,0.086892239,0.019417532,0.056255245,0.014959018,0.066985783,0.074477081,0.03339649,0.043678306,0.002828616,0.078755925,0.041199392,0.049233953,0.004950395,0.008705604
92,0.022385714,0.083594829,0.04961176,0.020750309,0.001682162,0.112285781,0.026346683,0.001819502,0.055280211,0.01429307,0.027328882,0.088721895,0.176260717,0.084748881,0.059708402,0.143639947,0.02074201,0.00320126,0.001940401,0.005657584
93,0.005043461,0.034975873,0.069587608,0.009835377,0.016351961,0.026726415,0.286996234,0.013494119,0.168223085,0.011285355,0.053717768,0.01665665,0.006297295,0.098447744,0.137199972,0.019083322,0.00636742,0.00716637,0.005916531,0.006627439
94,0.013661865,0.019681145,0.004526645,0.002289617,0.258778236,0.001939831,0.104121753,0.032672296,0.007258457,0.042024464,0.064564685,0.003936099,0.005462685,0.00822917,0.004373014,0.015759108,0.015514069,0.043077503,0.302417182,0.049712175
95,0.04291728,0.070134916,0.005202996,0.088659675,0.018965214,0.004997795,0.034402609,0.004011331,0.00541268,0.01449483,0.40179605,0.00574761,0.066605289,0.12217305,0.004686113,0.019505854,0.015213215,0.056957643,0.003996652,0.014119197
96,0.095472773,0.045809258,0.028011134,0.003079102,0.003288109,0.117945207,0.079742201,0.001504609,0.047861899,0.004258525,0.004813454,0.253772501,0.007873558,0.027942942,0.07259209,0.040466322,0.154431705,0.00282856,0.003192112,0.005113939
97,0.045691593,0.161904096,0.022471944,8.71E-04,0.01851706,0.099284296,0.063757815,0.03375232,0.060754167,0.005909868,0.031026585,0.204692886,0.003345206,0.083871394,0.058440369,0.034395909,0.00396019,0.004499097,0.002634123,0.060220507
98,0.089074657,0.130874471,0.002092288,3.24E-04,0.001296314,0.005953536,0.023189014,0.079058408,0.00245602,0.036110797,0.169593119,0.001202578,0.001430987,0.008189523,4.67E-04,0.01384364,0.192577046,0.236080268,0.002194655,0.003992257
99,0.077644853,0.279552589,0.025197376,3.11E-04,0.002344785,0.002372118,0.001677534,0.052857409,0.00456768,0.195865452,0.034672392,0.037298567,0.001563382,0.001187529,0.036315062,0.119089575,0.067313574,0.057579611,0.001140903,0.001448828
100,0.011364826,0.018074957,0.002596879,0.014350339,0.016486102,8.50E-04,0.019967926,0.143372707,0.0101058,0.036485778,0.346015523,0.005170389,0.042586958,0.012365622,0.00309459,0.004511578,0.084314362,0.17822193,0.027357701,0.022706141
101,0.09113167,0.012870089,0.004603941,0.035748798,0.003825669,0.658303211,0.006829135,0.001959321,0.00786438,0.006258853,0.005036971,0.005603711,0.002072516,0.005734551,0.002728241,0.117249332,0.023282293,9.92E-04,0.00556031,0.00234526
102,0.056639192,0.03031079,0.01878803,0.039803817,0.022304215,0.023361215,0.068782932,0.067667935,0.084825769,0.052073133,0.030503438,0.114438629,0.053192372,0.098126902,0.055134508,0.022667865,0.067083778,0.008007619,0.006516622,0.079771241
103,0.336518335,0.139052576,0.009539151,0.004564176,0.006847197,0.144362519,0.033122494,0.006932285,0.017154384,0.003085442,0.026990565,0.025051504,0.005226578,0.031638138,0.003399451,0.17514613,0.005556827,0.003647903,0.018215544,0.003948801
104,0.03455554,0.069747483,0.013544483,0.020471698,0.018570519,0.003911229,0.019496504,0.016059637,0.100802379,0.03298267,0.036500551,0.028802354,0.137515755,0.071474568,0.038749812,0.022690945,0.08430176,0.075107165,0.04329429,0.131420659
105,0.229307324,0.342520105,0.002283555,0.001577212,8.91E-04,0.17389584,0.001816742,0.016913307,0.001868583,0.035862803,0.003177823,0.0182463,0.007163455,0.002319317,0.001289521,0.035595605,0.051524259,0.056027264,0.016900348,8.20E-04
106,0.113226847,0.009134495,0.024461095,0.015740377,0.051051096,0.023862611,0.01003492,0.050405876,0.044581621,0.075933453,0.069891854,0.09247072,2.15E-04,0.136434203,0.0634582,0.020466212,0.025618921,0.091647579,0.032472193,0.048892689
107,0.266331539,0.006147455,0.012467898,0.043903057,0.05938621,0.039679633,0.02464173,0.014604336,0.096049479,0.045971125,0.043131675,0.05260574,0.030910866,0.016563734,0.046378936,0.075571156,0.018057118,0.034531319,0.016632686,0.056434309
108,0.017941879,0.011498761,0.012540915,0.223944253,0.008096931,0.306367642,0.008250606,0.028780214,0.013148696,0.014508384,0.018000846,0.01939221,0.0150658,0.057334488,0.113411008,0.014405366,0.009671342,0.007633466,0.092251539,0.007755655
109,0.1567024,0.028429707,0.388162513,0.103953941,0.00986899,0.014803311,0.00989628,0.035838561,0.021738578,0.004332121,0.013289381,0.025954224,0.008906468,0.019989939,0.006152788,0.028551689,0.006650172,0.004573347,0.019260637,0.092944954
110,0.010582152,0.298659526,0.007508717,0.012817577,0.066174497,0.017058885,0.004207588,0.065378462,0.008809828,0.161887134,0.011461833,0.009449478,0.008286281,0.004399791,0.010564283,0.1505905,0.006500446,0.016179802,0.119542967,0.009940254
111,0.06342306,0.017912927,0.027115577,0.005593236,0.012627691,0.382132207,0.004897821,0.011985116,0.008343516,0.020888959,0.008529171,0.007658621,0.017021004,0.012376458,0.194086776,0.11027165,0.009722655,0.005732992,0.074496237,0.005184325
112,0.304818585,0.052535689,0.009796943,0.026462437,0.013932372,0.255052753,0.01322658,0.008790444,0.005032797,0.004723284,0.011632729,0.018039832,0.003721818,0.022153583,0.00507995,0.030186257,0.007623328,0.04372824,0.141252085,0.022210294
113,0.03146462,0.003540616,0.001054273,0.001244179,0.031499887,0.003014849,0.051512593,0.067835022,0.013756377,0.211947437,0.059720987,0.017778623,0.00411709,0.060939147,0.002656929,0.004006267,0.090276876,0.333403411,0.006955015,0.003275803
114,0.010943461,0.015493607,0.006905629,0.007254783,0.064764287,0.007807836,0.139202688,0.129077126,0.020011194,0.302370046,0.02258661,0.004854355,0.00847751,0.020503802,0.006268053,0.00276714,0.013826037,0.200486702,0.011644977,0.004754156
115,0.018750471,0.023425615,0.006630165,0.005379774,0.009162538,0.104792568,0.070043463,0.042610612,0.212442949,0.018377613,0.067192947,0.003487853,0.009896459,0.05197898,0.121046342,0.051252613,0.049122398,0.009653914,0.01044507,0.114307657
116,0.005827871,0.27534858,0.033449928,0.008820254,0.002989709,0.147513365,0.007557893,0.003229133,0.011712473,0.010544396,0.055527503,0.0043118,0.006066786,0.005538651,0.003721162,0.00624312,0.004602027,0.005125827,0.188658998,0.213210524
117,0.098486596,0.083812618,0.074454558,0.035691235,0.015086399,0.014721668,0.037515457,0.065632702,0.013368155,0.046214811,0.093249733,0.047570559,0.079840253,0.015922947,0.011868491,0.086148068,0.077433195,0.092062607,0.002312327,0.008607621
118,0.006102615,0.005823918,0.007002354,0.006174707,0.006315571,0.004640501,0.322361969,0.00941974,0.008203527,0.015114425,0.149183292,0.042844653,0.01800854,0.097090661,0.001503452,0.015626034,0.004201369,0.19112933,0.086260903,0.002992438
119,0.175837747,0.06753128,0.012104275,0.005157814,0.008718626,0.369608903,0.011906778,0.003650374,0.015856449,0.005700971,0.084802307,0.006568333,0.010204061,0.004827985,0.031625455,0.036293888,0.004373111,0.009571074,0.132921643,0.002738927
120,0.155114166,0.304185438,0.036736934,0.001870352,0.013199202,0.036829197,0.003500244,0.233324626,0.001417328,0.006121989,0.001559082,0.001675359,0.001712969,0.001907807,0.002042056,0.004492628,0.130788661,0.059799727,0.001828507,0.001893727
121,0.088345854,0.451747085,0.001864525,0.008471027,9.79E-04,0.00408901,0.001083651,0.172528164,0.002724561,0.054322192,0.102284804,0.005701117,0.001154213,0.040926768,0.001147205,0.005830698,0.004876681,0.050549456,9.72E-04,4.02E-04
122,0.23865167,0.006307745,0.006986202,0.021169101,0.005702505,0.434322735,0.010491554,0.006399798,0.031967379,0.043972793,0.010710093,0.008221598,0.015731852,0.010000371,0.005636104,0.005100152,0.006765724,0.016022711,0.109872669,0.005967244
123,0.004018234,0.002928492,9.36E-04,0.001508569,0.059496333,0.002148294,5.43E-04,0.052387032,0.004217762,0.577721603,0.160937405,0.001300926,0.003675486,0.001426884,3.29E-04,0.015782259,8.81E-04,0.103239641,0.005494733,0.001026858
124,0.031011094,0.063592466,0.00130033,0.001939323,0.017660501,0.00660573,0.001194398,0.218224706,7.09E-04,0.462890276,0.043893677,0.004865114,0.001482129,0.001635571,0.004257676,0.031008147,0.030662143,0.074692104,0.001041843,0.001334001
125,0.078866021,0.074016031,0.003463827,0.001265511,0.158811037,0.003185328,0.00261254,0.002333066,0.00472518,0.002953791,0.002349742,0.005327444,0.04134306,0.003347662,0.001820139,0.130800664,0.472955335,0.002585853,0.003725239,0.00351253
126,0.117633246,0.172936346,0.004411315,0.001927807,0.005083264,0.04219629,0.004208545,0.096614809,0.002366752,0.030691145,0.046900196,0.036265921,0.082144199,0.002445779,0.001096076,0.234445576,0.078687093,0.036846499,0.001561747,0.001537395
127,0.061217319,0.007040437,0.002907316,0.008337354,0.005914304,0.201240445,0.002350472,0.001645094,0.009269313,0.00546967,0.007559458,0.002629427,0.00227215,0.007456479,0.200533137,0.002741313,0.00259913,0.120753519,0.344788363,0.003275301
128,0.095329262,0.08047791,0.006652384,0.110816507,0.00207953,0.103631942,0.008806446,0.002420582,0.028359746,0.019182594,0.052062564,0.107880834,0.119990728,0.025631719,0.047034777,0.096750873,0.06511259,0.022150526,0.003328825,0.002299661
129,0.078904253,0.068131478,0.09092853,0.043247221,0.019646803,0.089269529,0.074865875,0.021334718,0.029290921,0.025334811,0.028924639,0.013434593,0.06105444,0.13049879,0.035147319,0.075611603,0.043609098,0.025877512,0.011671705,0.03321616
130,0.015385185,0.024558993,0.062164134,0.060768394,0.00126636,0.053938486,0.091331698,0.001388113,0.029267699,0.001734454,0.022337926,0.38524783,0.027586864,0.071105442,0.053150702,0.075935706,0.01177951,0.001298645,0.002486656,0.007267202
131,0.039231188,0.088659988,0.001493513,0.015041771,0.122885504,0.010176152,0.076461804,0.149968988,0.059927759,0.016176158,0.062195538,0.015231667,0.019147275,0.037570153,5.09E-04,0.025901448,0.062315731,0.055758756,0.019167422,0.122180225
132,0.003531327,0.03919182,0.002030227,0.003397501,0.001843304,0.157093911,0.002716498,0.419774925,0.001460525,0.056308724,0.061705746,0.002460258,0.003401996,0.00208626,0.003453393,0.002770305,0.065053556,0.083227621,0.087265352,0.001226752
133,0.086912465,0.027378852,0.004372606,0.209193529,0.005451798,0.223490981,0.007481877,0.005924642,0.005324335,0.007578151,0.021432889,0.003514099,0.008862203,0.003686392,0.255149238,0.008642444,0.005433703,0.007098776,0.097357015,0.005714003
134,0.006604472,0.233515965,0.010110012,0.002431015,0.337088678,0.010594951,0.011231404,0.027240089,0.005176235,0.092655699,0.005263211,0.015162812,0.01165,0.016480753,0.005264236,0.014521729,0.005185114,0.016009851,0.02246603,0.151347745
135,0.095168528,0.089823918,0.049455119,0.113487728,0.00548189,0.012693826,0.002918021,0.004366875,0.002493687,0.01700209,0.008406225,0.005870644,0.042362148,0.016764937,7.89E-04,0.309087304,0.202576657,0.014918926,0.003782862,0.002549955
136,0.03751973,0.164151155,0.075416817,0.068078809,0.002090037,0.026164408,0.093408154,0.004062011,0.00304049,0.001726002,0.078130347,0.13813111,0.001307433,0.00450781,8.72E-04,0.252297006,0.045587892,0.001468785,0.001873669,1.66E-04
137,0.001451054,0.099150562,0.001701911,0.002558455,0.00192089,0.005310157,0.001639199,0.475323882,0.002790712,0.266067071,0.070766941,8.10E-04,8.77E-04,0.006061264,4.43E-04,0.002306272,0.005622987,0.050366571,0.003044342,0.001787805
138,0.005925698,0.004141794,0.004989604,0.004226417,0.023299257,0.097612638,0.00723496,0.00386867,0.161525119,0.00397504,0.079383488,0.00732196,0.007949092,0.018287789,0.242268671,0.10251373,0.007385341,0.002578486,0.212497034,0.003015211
139,0.013396458,0.005779544,0.201871444,0.079575134,0.006085193,0.225031087,0.097257174,0.128998283,0.009515262,0.002548797,0.008302926,0.007478702,0.002122655,0.008910207,0.005574077,0.156785523,0.020141676,0.005557016,0.012536693,0.002532148
140,0.002506024,0.003603527,0.00605079,0.003767901,0.056190186,0.002405885,0.00234318,0.276256768,0.002659029,0.092369136,0.280022479,0.003791543,0.007989061,0.005160183,0.040034346,0.1452874,0.001792181,0.062172701,0.003094976,0.002502703
141,0.033680264,0.03408906,0.085920091,0.071084939,0.07705021,0.039501134,0.098855204,0.046740215,0.005702603,0.016040797,0.06273507,0.052190716,0.011321186,0.047407284,0.004508259,0.033307577,0.039719292,0.050735795,0.105598432,0.083811871
142,0.005460634,0.087495422,0.005019988,0.010251639,0.355038119,0.093448035,0.006198629,0.005578676,0.005611504,0.002266125,0.010441532,0.003828617,0.008462083,0.004844275,0.001752958,0.001409336,0.003361389,0.241533966,0.143361001,0.004636071
143,0.011520943,0.009509657,0.052580236,0.008507129,0.08722706,0.034824931,0.008663377,0.143949635,0.004439872,0.203339332,0.091138506,0.003653487,0.002836151,0.00602868,0.006812884,0.004915082,0.003185814,0.124926392,0.187331225,0.004609608
144,0.084151273,0.015666314,0.138278879,0.477242146,0.006385925,0.011190563,0.006699405,0.006673834,0.003021541,0.034503545,0.110360059,0.027085957,0.0030005,0.008869095,0.0019547,0.008255191,0.015598665,0.003025683,0.03516165,0.002875075
145,0.006345173,0.142011312,0.063559825,0.4501128,0.003467175,0.009898099,0.006130032,0.002384318,0.002336071,0.006528295,0.053356676,0.06727115,0.001887653,0.116390153,0.001787758,0.03020222,0.009076056,0.024760185,0.001377932,0.001117117
146,0.026889121,0.061706966,0.117497794,0.091879892,0.072874447,0.012578645,0.004847103,0.069867382,0.061817073,0.01083461,0.048741454,0.007627004,0.027872828,0.099175073,0.004012247,0.040606845,0.009298283,0.094594043,0.014093196,0.123185993
147,0.039694758,0.17682365,8.69E-04,9.23E-04,0.006222901,7.62E-04,0.003307978,0.230949669,0.003205125,0.006276055,8.44E-04,0.003372154,0.004335386,0.002353953,0.001288973,5.57E-04,0.087261092,0.428442578,9.25E-04,0.001585574
148,0.015554746,0.022523393,0.001547873,0.053037395,0.065955486,0.001258137,0.050384213,0.061225638,0.061389987,0.103338479,0.095498252,0.015174005,0.01281838,0.034648152,0.002174608,0.027073948,0.071394596,0.178554004,0.072553929,0.053894778
149,0.076750437,0.122967679,0.020577449,0.066100898,0.073294349,0.002038815,0.032405738,0.023207108,0.041024641,0.026104898,0.123285027,0.008614553,0.016358029,0.136868753,9.83E-04,0.045004857,0.052104177,0.048050803,0.007195343,0.077063696
150,0.068683465,0.015323547,0.004084441,0.004638362,0.012227415,0.007942182,0.12702341,0.017180703,0.012225566,0.230527832,0.010532806,0.015439755,0.019802666,0.395768179,0.004642886,0.015397399,0.011192661,0.002565721,0.017034755,0.007766252
151,0.174186303,0.128079497,0.013962711,0.015056112,0.022790854,0.452399656,0.008843983,0.009405042,0.018389952,0.009305927,0.011734568,0.012448491,0.018162843,0.009671169,0.045446613,0.009273233,0.011290113,0.009912045,0.015415116,0.004225772
152,0.005114593,0.086056262,0.002443877,0.004900592,0.009051728,0.055474061,0.005870928,0.479309752,0.006690328,0.047404761,0.131630296,0.004903322,0.001483757,0.00660696,0.004482815,0.0082236,0.002518265,0.13055444,0.005669911,0.001609752
153,0.09301929,0.032540693,0.002196995,7.10E-04,0.016225283,0.020834927,0.196365282,0.001346137,0.151104637,0.001402752,0.007412854,0.038949561,0.001113419,0.180257089,0.050938777,0.021121391,0.157991722,0.003157218,5.70E-04,0.022741836
154,0.061458776,0.003784458,0.103060192,0.078652246,0.002165425,0.013635618,0.067746525,0.003599366,0.00469488,0.011260484,0.002998444,0.199271774,0.001741785,0.003402712,0.005252849,0.265643295,0.10357679,0.062698829,0.0029977,0.002357852
155,0.0088712,0.177781816,0.02376336,0.007094781,0.283938494,0.001628158,0.015029311,0.046672882,0.008649722,0.004753249,0.003848106,0.052856296,0.004485767,0.008157042,0.003923679,0.042647527,0.004126551,0.005435571,0.120055356,0.176281131
156,0.003010821,0.002008295,0.006438005,0.007975194,0.006356985,0.00365243,0.029845076,0.134819656,0.003439023,0.07556863,0.15190335,0.003862572,0.002260779,0.004888942,0.003066713,0.003494884,0.006993506,0.539371723,0.00748505,0.003558366
157,0.002029581,0.001515071,0.002087011,0.002206919,0.002103494,0.008231231,0.001889693,0.03686704,0.08042569,0.00267455,0.004678867,0.032672131,0.002173498,0.02933263,0.76685702,0.005371344,0.002667832,0.001153025,0.002590165,0.012473208
158,0.014600589,0.004050748,0.029107726,0.038983086,0.003118637,0.04165501,0.001254652,0.001808796,0.004777961,0.003072808,4.66E-04,0.136735441,5.23E-04,0.171072892,0.001266009,0.44879648,0.077430032,0.002732159,0.015904944,0.002643192
159,0.083792749,0.012890043,0.023970563,0.022846591,0.016800186,0.081845757,0.184190546,0.011833628,0.052458069,0.337706358,0.031047233,0.010516469,0.017870675,0.017831021,0.011234096,0.014842906,0.005466,0.007646667,0.046695725,0.008514718
160,0.00512514,0.013668061,0.005822584,0.18010047,0.007612563,0.289379575,0.006070606,0.002899669,0.007141894,0.053336912,0.010917495,0.007426855,0.004510645,0.02437587,0.279386254,0.009551638,0.005397229,0.011050973,0.067804399,0.008421168
161,0.034814838,0.034652848,0.046276888,0.205593737,0.001346193,0.097153708,0.063829953,0.056130744,0.003745541,0.001618611,0.017750636,0.128975606,0.001611379,0.078278985,0.001673114,0.063083154,0.069362581,0.085313183,0.007807405,9.81E-04
162,0.213937951,0.021147311,0.072655262,0.004614721,0.00838218,0.095394064,0.009284039,0.008456165,0.011435747,0.008464462,0.086280027,0.022389445,0.015014162,0.006240341,0.0072617,0.128680174,0.140485209,0.123594165,0.009836857,0.006446018
163,0.008228157,0.01875328,0.01774499,0.007331602,0.423037728,0.015225936,0.011479868,0.010048283,0.019432988,0.014639295,0.027695948,0.017446332,0.003667016,0.012342161,0.006413015,0.012160721,0.012589652,0.031176353,0.159175147,0.17141153
164,0.029344228,0.138289399,0.015270103,0.004120067,0.02833138,0.397791674,0.003700637,0.016781084,0.018762152,0.005744229,0.035839188,0.023837051,0.012744146,0.01082621,0.015499236,0.01044838,0.015510303,0.016640866,0.184026378,0.016493288
165,0.117734772,0.031373924,9.97E-04,0.023658025,0.001148002,0.009180635,0.028685504,0.033310744,0.073486217,0.023490161,0.021215612,0.004190624,4.39E-04,0.157573981,0.076882922,0.047114998,0.185980961,0.151003594,0.012192953,3.40E-04
166,0.023653674,0.023496199,0.01985987,0.020018806,0.012163249,0.442713847,0.019124129,0.01410944,0.010799356,0.015198593,0.009162106,0.010160766,0.013262482,0.016735693,0.00734888,0.007195658,0.014038278,0.113521409,0.194729257,0.012708308
